21 40 15 1 18 21
0 0 0 0 0 0 0 0 0 0 0 0 0 0 0 0 0 0 0 0 0
9 4 3 9 0 4 4 3 0 8 7 0 2 2 2 3 8 1 2 1 2
2 5 6 3 4 9 1 2 2 6 6 8 0 1 1 0 9 8 4 6 3
6 5 0 7 9 9 7 2 9 4 3 0 9 7 5 9 0 4 1 9 5
3 9 2 1 8 4 7 9 8 0 3 9 5 1 2 1 2 5 9 8 1
0 0 0 0 0 0 0 0 0 0 0 0 0 0 0 0 0 0 0 0 0
5 1 7 9 5 2 3 0 4 0 8 4 4 8 5 4 2 8 3 8 6
3 9 6 7 3 0 4 1 9 5 1 2 2 3 0 8 0 6 6 4 4
3 6 6 6 7 4 5 3 0 6 7 3 5 1 9 3 0 5 9 9 9
8 1 1 4 2 5 9 3 2 4 1 8 4 6 3 5 5 3 3 6 4
0 0 0 0 0 0 0 0 0 0 0 0 0 0 0 0 0 0 0 0 0
5 5 7 7 9 2 8 4 5 6 4 6 8 2 7 3 5 8 5 2 4
9 0 7 7 0 4 1 6 1 9 1 5 0 1 6 5 2 6 6 6 5
3 9 7 7 2 6 3 7 1 5 3 8 9 5 6 3 4 8 7 3 4
8 9 1 0 3 9 4 3 9 1 4 8 1 0 5 9 4 3 6 1 3
0 0 0 0 0 0 0 0 0 0 0 0 0 0 0 0 0 0 0 0 0
9 5 0 0 4 9 3 9 6 5 4 2 1 5 9 8 7 8 8 6 3
7 2 3 9 9 9 7 7 0 5 8 0 6 3 6 1 2 3 1 0 5
7 8 1 1 8 5 4 3 5 0 2 5 8 5 3 5 3 4 1 0 7
7 1 8 1 2 0 5 8 1 3 9 6 1 3 8 3 9 4 8 6 8
0 0 0 0 0 0 0 0 0 0 0 0 0 0 0 0 0 0 0 0 0

