5

-0.7133129374161575 0.7008456701130583
0.7133129374169346 -0.7008456701123590
-0.9636066231566712 -0.2673242895938152
-0.2502936857416224 -0.9681699597070667
0.2502936857411194 0.9681699597067489
0.9636066231574117 0.2673242895944358

-0.8932333349173263 0.4495933822835123
-0.8359759578887596 -0.5487660684032287
0.0572573770290491 -0.9983594506862868
0.8932333349171817 -0.4495933822820707
0.8359759578898414 0.5487660684033163
-0.0572573770283012 0.9983594506864877

0.9160756762470419 0.4010054306221820
-0.1107569481506493 -0.9938475227307060
0.8053187280975752 -0.5928420921090568
-0.9160756762472804 -0.4010054306221356
0.1107569481505570 0.9938475227309645
-0.8053187280979552 0.5928420921086038

-0.1761571570426089 0.9843620553558652
0.1761571570408748 -0.9843620553541855
0.7644039679374461 0.6447376007350949
0.9405611249797644 -0.3396244546214024
-0.9405611249804702 0.3396244546202518
-0.7644039679385255 -0.6447376007346632

-0.4824203438123312 -0.8759398448960606
-0.9997963297728835 -0.0201816494043597
0.5173759859607933 -0.8557581954908735
0.9997963297734225 0.0201816494041266
0.4824203438109312 0.8759398448963396
-0.5173759859611117 0.8557581954911576
