5

-0.5000000000001114 0.8660254037853874
0.5000000000008891 -0.8660254037846875
-0.9999999999992328 0.0000000000005249
-0.5000000000002304 -0.8660254037850550
0.4999999999997271 0.8660254037847375
0.9999999999999735 0.0000000000000955

-0.5000000000000689 0.8660254037850319
-0.9999999999997544 0.0000000000007502
-0.4999999999992035 -0.8660254037838273
0.4999999999999247 -0.8660254037835899
1.0000000000008362 -0.0000000000006626
0.4999999999999509 0.8660254037840284

0.9999999999996566 0.0000000000007304
-0.5000000000006523 -0.8660254037851741
0.5000000000001875 -0.8660254037849764
-0.9999999999998951 -0.0000000000006841
0.5000000000005598 0.8660254037854329
-0.5000000000005670 0.8660254037845241

0.4999999999991134 0.8660254037851728
-0.5000000000008475 -0.8660254037834928
0.9999999999993000 0.0000000000009531
0.4999999999998960 -0.8660254037848518
-0.5000000000006016 0.8660254037837012
-1.0000000000003793 -0.0000000000005215

-0.5000000000004399 -0.8660254037845060
-1.0000000000000069 0.0000000000001151
0.4999999999998087 -0.8660254037837942
1.0000000000005458 -0.0000000000003484
0.4999999999990393 0.8660254037847854
-0.5000000000001267 0.8660254037840786
