200 1832 187 190
110 72 2162
174 23 5800
173 24 9711
27 66 413
58 110 6075
120 193 9918
47 63 59
43 81 361
9 55 8585
84 113 8054
1 77 1858
124 158 6854
36 85 7351
103 72 465
148 180 2260
1 15 3
10 3 9669
72 77 32
108 97 1225
167 48 3542
35 3 9862
194 132 1
135 122 9195
36 9 461
111 17 8689
111 58 3640
96 167 7610
100 63 8368
172 9 6299
69 25 2537
110 196 8325
20 129 2691
35 172 8136
189 23 6432
167 131 3
88 55 7872
30 102 45
87 53 9265
193 10 5887
9 16 8954
121 139 4319
85 3 6809
130 18 31
87 94 7326
128 43 4044
127 16 9771
114 140 58
43 198 250
49 18 9374
33 122 8321
35 142 6233
55 142 9774
193 165 7557
51 133 5077
2 26 4926
84 125 9148
127 35 5873
38 141 9143
17 161 6163
62 105 3882
174 1 6361
115 139 4321
56 108 4514
56 119 2092
117 172 6193
119 54 7297
176 166 113
80 5 8770
100 187 8225
32 12 666
155 44 1430
32 40 7053
90 154 8876
68 198 9919
117 16 9997
184 3 8228
34 28 9168
88 148 7965
9 31 904
158 173 9669
54 167 5910
96 53 4256
90 146 8407
65 141 7239
63 118 58
131 80 1543
127 178 3561
0 100 48
77 191 3788
111 15 9990
79 49 53
2 142 5090
90 198 9527
105 108 1813
116 186 2722
102 151 1625
158 189 6466
80 175 1811
13 162 8656
170 146 675
87 48 9453
73 82 5627
183 18 9367
62 56 7192
11 139 7456
172 26 4570
63 139 7438
140 187 1079
141 10 9354
78 109 4848
151 83 4635
5 97 9961
116 53 2135
61 122 8975
137 31 9556
174 111 3626
58 1 6347
15 101 9146
106 50 583
21 51 14
76 52 10
30 107 9343
9 144 4344
85 31 8716
182 178 1142
97 163 6107
61 136 163
180 55 7260
10 86 2441
53 123 9261
157 13 7494
51 183 4247
180 178 5319
51 79 4293
192 171 1490
152 167 3346
91 63 3121
20 41 838
98 148 3272
48 56 6028
137 168 9688
113 171 1412
5 105 6001
186 97 336
124 173 3618
69 137 7737
181 15 6344
168 81 5897
193 98 4955
14 189 6787
175 57 4291
17 1 7017
51 52 8184
140 60 7535
59 100 61
17 15 6375
10 8 383
65 36 8528
46 14 1604
55 67 2186
24 111 9712
198 179 4717
28 20 9574
119 123 7294
195 136 1425
25 168 9070
64 55 9447
90 162 125
30 143 9334
16 142 7598
171 84 1683
76 177 4
96 152 4269
35 165 1863
26 120 162
109 89 3784
197 50 571
123 63 6706
2 98 6245
80 108 6453
30 70 833
191 14 5642
94 119 7305
30 134 2149
116 56 2010
132 130 9966
149 40 7137
94 116 6607
44 66 5365
193 8 5504
172 55 4565
77 101 7809
184 25 2
46 124 8880
58 15 6350
16 31 9897
97 57 7814
157 191 7828
9 85 7812
27 125 6503
8 85 3243
68 82 8522
39 22 2172
177 79 8051
191 154 7827
104 74 1417
44 41 1826
103 181 8196
33 84 2104
198 168 4634
156 95 2315
103 160 4241
47 59 8470
31 172 7203
199 183 63
181 110 6069
83 150 825
61 125 8883
152 105 3065
141 142 8955
101 191 17
167 116 5489
148 127 7187
51 197 7625
57 163 6101
125 129 6876
23 166 252
182 127 3567
23 181 5820
120 112 3270
57 48 4100
169 19 1224
122 44 7302
120 141 8957
146 92 665
34 155 1554
135 27 3969
104 153 3209
78 30 9938
107 102 9298
64 16 1913
68 168 5259
110 101 9653
61 129 4054
187 138 1100
117 180 8888
150 151 1576
25 117 4920
65 8 7741
121 47 3060
126 22 1459
174 15 6364
147 47 2
131 119 7884
87 119 7298
99 53 3102
194 76 94
198 81 111
185 135 3542
142 65 1716
56 80 1939
108 119 6606
195 66 1665
24 17 6097
4 5 8122
141 85 6062
182 35 2306
16 172 9312
183 19 9933
60 149 7525
86 172 6844
60 47 8038
157 164 2384
58 23 6460
61 155 7951
46 58 7955
164 146 1715
15 71 1971
58 17 25
38 120 4404
147 100 8429
8 35 190
140 138 21
85 120 2895
17 71 8346
66 155 233
35 112 8741
176 124 6158
158 77 9991
193 178 6262
186 5 2326
184 137 3857
148 38 6708
8 112 149
3 120 9704
31 117 1010
98 120 897
3 55 731
96 48 4068
72 7 184
11 63 18
101 24 5938
51 76 4298
102 83 7618
111 173 2457
3 9 1003
14 110 5172
55 38 6135
131 186 7987
198 73 9934
177 52 14
98 38 8100
59 138 9111
46 7 4481
72 196 8228
190 42 5
142 193 5854
144 148 9517
49 177 1271
99 105 8402
36 180 8533
165 65 13
120 65 2687
92 101 7815
105 167 6411
196 24 6527
167 121 9494
170 157 6
154 159 7640
6 194 57
52 199 22
77 103 433
184 36 5277
49 19 9926
105 131 6414
122 136 5879
132 49 3948
148 120 547
127 193 179
39 171 3859
31 75 5164
186 94 6569
28 66 6923
50 21 6963
182 193 3388
181 46 7949
191 146 9206
165 142 4780
110 158 45
105 116 2073
31 3 9714
26 35 4
14 15 5427
19 197 1834
121 115 2601
52 194 84
23 173 2175
63 54 8763
52 95 9053
95 194 9137
32 149 8370
68 31 7721
112 172 4607
107 150 9347
103 110 8802
10 85 3726
170 154 5
46 72 7290
40 114 7089
16 2 6841
137 3 9676
86 16 4159
93 174 6440
98 142 899
108 5 2317
170 160 7802
164 159 3529
174 14 6365
56 139 8654
67 9 452
152 62 6947
110 191 6519
189 1 6783
186 152 4638
162 146 9197
130 153 3239
97 80 6108
154 101 7810
124 103 9414
117 65 8883
148 193 9075
25 179 8987
165 182 6153
134 151 3729
4 126 241
51 49 4240
133 49 837
141 144 8
180 172 2695
24 7 8384
116 5 4821
183 21 4233
66 20 2651
20 61 2574
192 62 9648
184 82 9395
165 2 7792
163 48 2001
77 181 8199
163 108 6452
3 26 9866
39 125 6972
123 11 6724
85 26 3057
72 17 8262
24 174 6086
140 59 7207
133 37 7899
72 101 8791
11 100 8350
18 6 9353
15 196 6341
25 73 3792
119 167 1477
18 177 9312
78 89 1064
115 54 3586
80 94 7869
58 72 8237
21 133 6467
5 163 8769
165 8 4633
1 160 5666
155 135 3323
37 153 3846
188 143 4413
90 92 8770
187 145 8038
11 0 8302
10 172 4373
60 114 7477
5 171 8135
58 181 6
85 65 1177
36 117 355
151 78 2631
15 191 5643
85 142 3432
14 101 9881
42 130 2070
94 123 7322
162 154 8650
199 133 767
194 133 4316
33 28 7037
77 174 9804
97 56 7859
15 103 1422
125 66 6916
94 56 6805
152 54 9256
156 104 2043
32 145 6865
162 159 2736
47 40 8426
14 24 279
136 20 7372
152 57 4296
16 38 2651
0 12 6434
44 125 8579
152 97 4302
187 32 1173
138 114 37
56 5 6831
65 64 1878
150 89 7556
94 163 7892
14 124 6372
141 69 9101
48 94 7900
128 168 340
29 150 9331
135 195 1891
132 177 97
181 72 8231
82 43 4057
196 23 5823
149 59 9594
147 139 7377
124 110 6096
96 116 2121
5 84 9863
195 28 8588
52 133 3838
0 40 47
33 4 3800
46 77 9255
142 182 6064
13 160 7801
132 133 872
57 96 60
18 132 9409
107 78 9819
68 67 8173
10 120 35
19 21 9056
47 54 6644
11 54 7812
4 192 1503
117 141 1644
31 67 452
99 94 5041
66 34 2300
70 107 8510
184 168 9068
145 11 8537
143 134 7185
110 1 7206
35 10 2659
123 163 8621
45 188 8523
58 14 6351
146 101 8480
129 135 3596
16 120 1753
2 193 764
146 157 669
92 170 3649
42 156 3
180 64 4433
79 194 4024
19 76 9984
84 126 7687
144 8 9897
108 99 1537
117 73 8690
97 96 38
196 111 3649
17 181 3508
141 8 9305
1 191 5646
43 168 4384
189 15 6786
68 9 9736
193 112 5653
83 188 9884
100 140 7146
177 51 4302
100 60 389
117 75 4996
88 36 8861
197 176 9864
58 77 9084
87 121 3583
114 145 6901
11 47 77
144 75 6632
75 128 9334
183 132 42
77 160 3808
152 5 6964
28 84 9141
165 31 9906
137 73 89
122 129 5599
144 26 9127
79 37 9501
124 17 4
178 112 3407
55 35 9131
182 148 1917
144 98 9862
142 172 6367
38 112 4603
154 157 1
109 193 9998
174 72 8251
54 56 9635
15 124 6371
142 178 3608
137 68 3281
80 48 2002
44 27 5506
8 182 2116
76 18 9316
54 94 9366
70 89 2373
10 26 197
116 108 2504
73 168 5300
107 134 8329
100 118 8948
161 196 6197
53 48 188
68 184 3809
10 2 5123
113 4 6745
185 195 1651
62 175 6942
64 172 7113
181 24 6066
188 134 8556
104 79 9851
148 55 9520
158 1 317
112 182 2265
167 87 5911
146 159 5244
145 149 6949
131 123 5904
146 13 676
183 52 41
8 86 2058
161 23 374
42 153 1169
83 70 3728
13 159 5920
98 26 735
114 32 36
68 69 6676
67 180 9446
92 159 7205
95 37 365
104 132 9528
180 35 1871
184 144 6691
165 85 5854
104 18 7086
0 63 9314
124 161 6167
105 96 1199
82 179 410
139 53 8529
19 51 5686
75 9 4890
41 185 7413
95 74 6138
20 44 988
4 39 3872
65 10 3180
93 197 9692
109 150 5320
109 30 5324
79 6 32
86 142 2408
55 165 7268
29 134 7178
46 174 7969
88 9 9322
156 37 2680
55 25 8432
87 131 6678
60 32 7441
175 105 3060
34 129 1827
61 28 8104
27 122 5226
158 58 7960
44 136 1423
26 127 5869
16 178 9684
109 127 9716
2 8 4740
93 17 6164
8 88 1733
130 95 242
172 120 4408
144 38 6883
162 43 6309
182 65 4182
75 69 2461
17 77 8548
23 176 365
141 98 9854
5 96 5274
180 16 146
95 6 9080
25 3 9661
168 179 83
93 181 6195
71 181 8931
37 194 8772
96 175 7382
96 163 6069
75 184 74
16 112 1952
86 120 2406
88 180 1603
28 192 9334
125 22 9144
119 57 6255
73 9 8584
52 6 27
175 163 1956
195 20 986
180 85 1182
179 68 5176
68 3 9628
105 163 7287
71 14 6887
189 196 445
21 132 4191
24 46 1883
17 173 3614
93 189 5753
4 62 9401
0 138 7173
131 116 5851
140 32 94
141 9 4951
133 6 816
120 8 348
181 161 6194
139 119 6562
64 86 2246
88 117 9430
122 39 8515
50 169 39
66 135 3556
143 107 9
189 173 3203
197 169 8091
13 170 1
55 184 6550
151 70 2413
39 113 2447
142 120 2
90 159 4729
108 131 8170
56 186 7803
11 91 3139
145 59 248
76 21 4284
71 58 8321
70 29 9819
194 19 9890
180 182 4177
83 89 2361
46 101 4055
28 125 7
67 3 1455
38 180 5578
54 131 5907
44 185 1649
72 124 8258
45 109 7506
86 98 1509
141 31 8840
139 80 9631
34 27 7563
176 106 9690
137 9 9732
174 71 8335
59 147 8368
139 175 8526
88 86 3791
92 162 9748
168 69 8478
18 37 7666
59 11 8289
12 145 6199
62 80 8753
148 141 9504
169 106 622
43 179 4467
120 55 9348
164 154 2385
78 143 9810
31 144 2646
26 64 2
167 99 6646
89 45 4538
121 131 9491
173 110 9978
195 41 1824
129 136 7480
178 64 3446
24 124 8824
85 144 9557
6 19 9947
12 114 702
199 79 3392
0 47 8379
177 183 55
117 69 7457
90 164 6390
31 55 8829
67 144 2194
66 185 7899
148 172 4955
88 35 1543
118 87 8102
98 112 698
93 166 123
53 119 1967
89 30 1540
161 166 122
19 52 9974
186 80 6444
76 132 93
49 21 4226
73 3 9587
53 97 4294
189 71 8757
18 95 273
93 124 9510
194 51 4204
145 63 8628
104 37 637
102 29 9282
13 101 7804
142 10 33
47 118 1
155 20 2418
124 23 5804
75 141 6640
138 32 73
178 2 1482
29 107 16
67 137 8221
36 38 5842
184 73 3768
21 199 4296
54 48 9452
189 161 6839
141 26 9119
120 180 1713
77 196 8196
172 144 4557
31 73 9179
36 137 9547
11 121 7634
102 109 5369
137 82 5538
133 18 8537
166 181 6072
3 144 739
55 26 9135
163 139 6716
0 118 8378
54 163 7451
180 142 1711
16 36 8493
181 173 5005
163 56 1938
94 131 1418
55 69 9829
40 59 60
38 165 2699
139 123 7656
185 129 54
147 40 8428
60 63 7979
17 174 11
133 95 8264
64 193 5692
184 67 4364
35 178 3448
97 175 4297
110 24 3
108 57 351
158 111 9670
94 97 6233
118 59 8365
40 100 1
36 67 913
19 79 9995
139 131 5172
176 17 6154
156 153 1166
45 143 7152
98 85 3792
55 85 6078
120 165 1705
166 106 9803
117 165 8896
144 65 7247
105 94 7790
103 174 7786
167 80 1540
198 82 4307
18 42 3466
111 124 7609
126 39 3631
163 62 8752
127 120 6031
109 83 7360
122 125 3815
176 189 5912
190 104 2045
103 24 1700
147 115 3056
112 55 9172
186 119 6597
96 119 6223
199 37 8666
7 189 8489
130 76 9285
1 181 6341
172 88 3023
53 163 1813
123 54 3
18 199 9304
64 144 9125
92 160 9591
72 158 2207
155 41 3256
64 3 9923
76 79 5
45 151 3762
13 90 8781
24 160 6712
16 10 1718
124 181 27
26 65 1880
33 39 72
195 155 1432
36 73 9045
19 106 7837
148 178 3059
180 127 8219
127 86 3625
139 152 8521
14 77 9390
141 3 747
71 1 4698
88 98 2282
18 194 9410
179 81 4828
189 110 6511
65 98 2615
70 78 1309
180 98 7049
58 161 6188
86 35 5232
67 65 9441
193 35 5694
75 168 9936
10 64 195
12 40 6387
45 29 7145
2 182 8252
98 165 2602
73 68 41
163 116 3948
61 27 490
44 61 1586
180 86 4119
104 199 9887
191 92 7832
163 119 9619
107 188 1362
62 48 6751
102 134 2104
84 22 4
49 6 21
38 64 4564
48 186 4442
138 149 11
11 60 7961
70 45 1349
152 131 8963
140 149 10
78 83 1297
85 193 8747
195 122 7304
186 99 1528
62 113 9564
145 100 187
95 183 9880
67 141 2202
134 150 2153
71 191 3672
196 181 9663
105 186 3707
167 94 1415
182 172 6872
150 70 4562
76 37 8678
65 38 2686
68 25 3811
171 126 228
162 81 5948
8 178 3258
9 69 7690
90 43 6184
117 67 7012
88 142 1383
159 157 8747
176 181 6185
93 111 2549
37 49 9312
40 60 388
21 6 4247
152 108 4647
110 71 2246
114 59 7149
43 73 9980
195 61 1588
80 57 6102
3 142 9702
35 141 9756
159 198 9729
136 34 2068
105 97 6763
49 76 58
83 134 5698
196 58 7999
58 189 436
196 103 7763
78 150 472
38 31 7207
87 91 3581
123 121 4337
129 44 1703
35 98 739
112 2 8010
20 185 2637
172 36 5838
13 191 7821
125 155 7149
69 184 2535
136 135 8222
46 158 2080
24 58 6072
86 182 58
189 77 8641
7 77 152
160 154 7807
91 118 8703
37 190 2682
88 144 9974
125 20 9665
191 24 5921
2 65 6806
15 77 1855
17 7 8078
52 21 5303
41 136 3249
93 58 6189
28 185 6937
60 0 8279
112 64 39
63 40 8367
186 53 4630
0 140 7194
100 114 7088
181 189 9367
182 38 6868
121 147 3058
170 162 8677
75 36 5351
176 161 9
167 163 1541
158 103 1742
172 85 1680
199 49 70
131 96 7613
18 190 2044
56 105 2932
50 51 6949
181 111 3646
36 55 1273
156 18 8145
73 179 5217
184 141 6566
165 86 4111
88 26 4487
37 52 8900
194 199 1560
186 57 342
30 45 2182
166 17 6041
180 31 9898
1 124 6368
191 72 4007
77 71 116
14 181 6783
103 189 8208
47 139 7379
10 178 6657
53 152 532
61 34 1710
57 167 7642
178 85 6501
152 175 5
115 167 9991
131 53 3357
90 81 5823
41 135 67
131 163 1544
81 128 9805
82 168 327
161 197 9693
65 148 2265
120 35 158
179 128 429
80 123 7447
193 65 7570
24 158 42
108 186 9
174 110 9855
178 88 4991
27 129 5608
131 57 8751
54 118 6645
115 131 9493
94 152 1931
128 184 9424
62 97 8902
123 91 4233
177 21 7699
2 172 9496
195 44 2879
3 75 5893
116 57 5795
179 137 7911
5 53 6956
111 176 8873
139 54 2395
165 3 7999
166 189 5630
155 122 5872
148 10 582
18 74 1416
108 48 6989
130 52 9295
56 99 7169
64 8 188
136 155 9809
34 122 7426
196 14 6342
156 190 7460
95 104 272
49 52 4878
89 102 2332
41 34 1702
125 185 6930
133 76 779
22 33 2100
165 127 7850
104 183 9366
87 54 6938
158 101 5980
58 124 21
123 56 9386
35 64 7712
130 79 9986
108 62 2300
59 63 8307
130 49 9343
132 37 9263
172 141 6519
177 133 5506
162 164 6265
26 38 4566
82 81 6865
135 20 905
63 147 61
98 8 549
196 173 4894
5 113 9547
132 19 9997
105 48 2869
112 141 9156
87 175 9262
64 142 4229
125 33 7044
62 94 8932
37 183 8896
85 16 1142
141 88 7572
124 174 7405
25 128 9410
6 132 56
155 27 646
22 4 1700
161 173 2549
15 173 9989
185 61 63
165 64 9037
113 33 2375
174 158 6044
17 158 6055
65 180 5
188 135 8694
95 177 9039
5 99 3854
118 60 9029
27 136 653
26 182 2302
67 75 4438
1 7 4144
175 56 128
67 16 9406
6 76 37
163 152 1805
167 108 7993
54 91 3582
12 140 760
18 52 9326
62 119 8906
87 147 8303
38 10 4369
172 67 6751
96 56 4131
12 100 6386
159 170 5919
21 169 8859
158 181 6024
191 160 20
64 2 4928
76 199 12
48 97 4106
112 180 7768
140 145 6959
91 115 4
48 123 9449
59 0 5443
25 144 6556
102 70 4671
93 161 1
182 88 3849
24 71 4392
42 104 2040
178 165 5311
92 154 5
119 80 153
175 186 8414
165 16 48
125 34 8703
38 85 1509
132 95 9136
196 176 6188
147 123 6645
131 91 9489
96 186 374
145 60 576
73 75 3694
126 192 1262
42 74 623
38 86 6810
136 185 226
157 101 7811
122 20 8290
126 62 8380
42 95 2312
145 0 6259
112 88 1584
12 138 739
101 160 3
116 119 4102
90 170 8780
62 99 9671
85 127 8926
166 173 2427
184 117 8669
75 25 7262
164 13 2391
71 72 84
65 31 9893
46 191 4038
184 179 8985
56 87 9390
32 0 8626
196 158 6021
113 125 9419
47 145 9845
28 39 6965
26 178 3444
165 180 8
10 165 1670
124 71 8342
175 123 9258
98 178 9791
130 183 9336
182 64 9442
17 110 6614
97 167 7648
115 11 3135
85 88 1510
196 93 6313
23 17 5789
147 11 7875
160 46 7536
110 77 2130
148 142 549
95 49 9101
57 5 2668
126 113 1184
160 72 3776
57 56 4163
66 122 5639
152 99 3110
117 55 1628
141 165 7252
51 132 4205
106 161 9681
53 54 9264
53 105 3057
192 113 78
191 170 7822
48 116 1947
65 172 2690
8 38 4752
72 189 8673
69 144 9928
46 15 1605
112 65 7021
37 177 8674
112 165 1904
15 24 278
33 126 3559
87 139 736
103 46 183
88 65 333
118 123 6648
103 71 549
64 85 3055
52 79 1909
15 158 9183
196 174 23
82 128 13
188 29 4924
51 106 7532
1 101 5663
171 4 13
192 125 9910
62 5 17
127 64 9967
73 69 1233
99 116 967
16 35 1911
181 7 8047
38 142 4402
187 40 8226
138 60 7514
143 29 5923
139 91 4317
36 69 8829
119 5 8923
81 159 8684
112 86 8866
3 36 542
110 7 6414
91 167 9492
175 116 2138
3 180 7991
2 127 943
183 49 7
136 28 7163
123 47 8108
183 194 5905
11 118 76
26 86 2244
16 141 7204
10 127 6066
99 97 1192
144 165 7260
165 9 9532
87 63 6702
55 75 6678
173 93 2550
160 14 5662
47 115 7728
14 158 7244
177 6 41
22 5 9906
112 144 9164
67 38 6755
117 38 7971
151 30 1580
195 27 3857
172 165 2703
67 165 9454
139 118 9254
14 103 3757
141 55 16
196 46 7946
86 85 5301
35 38 4562
88 3 8956
104 130 3690
187 114 1137
59 32 7113
105 119 5024
15 160 5663
109 70 6157
21 194 4650
48 131 3545
158 7 2023
4 84 8736
158 71 5903
65 178 8021
101 7 3957
91 147 9964
7 14 1702
139 48 9103
190 130 2075
175 99 3105
95 153 3481
17 103 7797
141 36 1289
129 28 9403
128 137 5551
173 14 9990
54 121 3584
166 111 2426
148 85 3442
88 2 7478
61 41 3412
88 67 9774
78 29 9803
99 48 3742
147 60 8040
181 174 9150
27 20 3064
6 130 9322
28 122 1284
13 92 4713
89 151 40
119 152 1959
40 145 188
80 87 7451
112 26 546
108 175 4642
60 187 8614
114 149 48
31 184 3912
105 57 6090
66 129 40
189 111 3204
34 20 864
174 173 3625
191 158 5963
110 111 9715
25 82 9397
118 145 8613
94 5 8895
65 55 8354
116 80 3949
166 197 9957
16 88 3308
130 194 9742
196 7 8044
72 1 1890
96 99 9924
2 38 9492
90 157 8774
88 10 2361
137 25 3859
108 94 7874
104 76 9315
193 86 4025
160 71 5093
145 138 6938
108 53 4639
158 160 5983
116 62 4804
123 115 5149
196 1 6338
128 198 4294
45 102 2137
55 144 1310
124 77 8226
134 70 1316
120 182 2464
8 16 2101
78 102 2795
186 163 6443
83 45 1361
38 9 9054
43 137 9595
41 122 9206
120 2 5088
197 106 3275
148 16 2300
10 55 9167
137 81 9956
117 144 1636
62 53 7671
3 16 7951
150 45 2186
161 111 2548
172 178 8014
199 177 3830
10 182 2499
160 110 6922
48 5 8723
190 74 628
172 38 4
62 186 2309
39 192 8768
62 57 4150
93 176 10
123 152 9253
50 19 1263
15 7 4081
54 80 7450
115 87 6964
48 152 196
7 174 8067
15 72 1887
150 143 9338
178 120 3606
5 175 8438
64 88 1545
55 8 9836
160 146 8477
180 8 3923
76 183 51
79 95 9048
36 144 1281
126 5 8363
66 41 3489
31 36 1365
58 174 14
156 130 2073
180 141 8560
113 22 275
137 198 9845
149 12 750
108 96 8149
35 65 1876
155 185 4576
196 71 9036
142 26 164
127 8 5683
23 93 514
67 73 8132
196 124 30
47 87 6643
178 38 8010
78 45 2658
106 93 9680
112 3 9903
112 10 234
85 35 9482
148 165 2252
14 111 9991
72 24 2165
171 33 3787
54 175 9261
150 30 4
180 26 1875
69 128 6873
191 103 7605
124 7 8074
100 138 7125
41 188 8761
94 96 6195
21 79 4279
8 172 9564
56 167 3479
0 187 8273
58 173 3639
78 134 2625
7 71 268
107 45 7161
38 3 9404
84 192 193
56 53 125
167 186 7984
98 182 1567
1 24 2399
120 64 160
46 110 1880
178 86 1200
199 6 49
36 68 9086
148 26 385
57 94 7376
59 187 8341
29 83 9940
127 65 9456
118 40 8425
17 46 8734
1 14 6685
1 111 9987
166 174 8378
26 165 1867
6 37 8715
125 195 8581
69 3 8354
154 13 6
118 121 3061
123 167 8655
82 75 9321
137 75 7969
42 37 3578
107 83 8522
98 172 5305
62 96 2683
75 68 8201
79 18 9321
182 85 5359
51 169 6910
58 7 8053
104 52 9904
131 175 6605
94 139 6669
129 195 7440
41 129 3529
109 151 3744
125 136 7156
83 30 4965
69 82 9484
95 199 9700
128 68 5599
142 144 9501
185 34 1773
101 71 3689
44 135 1893
197 21 8217
199 132 105
68 43 9643
196 166 6075
58 176 6179
0 147 8381
49 104 9942
194 49 36
15 110 275
80 99 4916
177 19 9988
123 87 4
195 34 122
2 180 9781
88 127 9928
80 105 4871
177 104 9311
115 118 3059
79 132 88
22 171 1687
130 133 9918
155 28 7156
17 14 6376
161 174 6174
53 80 9120
98 16 2650
183 6 14
163 80 1
102 143 9611
160 157 7808
45 134 392
149 0 7184
26 8 6251
102 150 49
137 117 9937
35 2 4930
44 34 124
29 30 9327
17 189 9176
148 64 387
25 67 4362
10 180 1678
68 117 8731
58 166 6066
153 18 6972
179 75 9690
167 139 5175
175 48 191
190 95 2317
149 187 4344
53 167 9821
133 104 8571
73 128 5640
98 127 6090
61 135 3479
62 171 9724
56 131 3482
94 53 1939
20 188 9599
130 177 9281
117 3 897
162 198 8670
87 152 9257
48 119 2155
192 33 2297
67 69 6899
46 1 1608
53 175 3
193 180 9956
120 88 1385
59 12 9957
175 119 4023
11 87 6720
46 71 366
26 16 1915
37 130 607
54 147 6642
84 62 9835
163 99 4915
12 60 7133
127 142 6033
177 194 98
25 9 5973
92 157 4
55 16 7220
86 2 2682
98 64 737
9 180 8994
10 144 9883
174 176 6165
112 142 6891
176 173 2540
74 133 9994
92 164 2380
84 39 2176
155 129 273
89 134 9329
80 96 6070
162 157 8649
184 9 4816
44 28 9762
179 69 6450
1 103 5610
55 98 9894
119 99 5069
8 142 350
59 60 328
7 103 281
192 5 9625
175 167 3351
174 189 422
182 16 4217
69 31 6447
114 0 9267
104 6 9830
26 193 5690
28 27 6510
88 165 320
94 175 7307
143 83 8513
189 24 7563
2 85 8814
180 144 8226
199 51 4310
124 166 6045
143 70 8501
185 27 427
14 72 6437
144 16 7212
91 47 8829
10 98 7035
76 95 9043
183 79 46
164 170 2390
25 31 3910
116 152 2143
85 67 8988
88 193 9046
101 170 7805
35 144 9123
62 22 9839
28 113 9412
88 38 6718
134 109 7998
79 133 5098
101 103 4238
66 61 77
1 173 9986
112 85 3094
145 147 8616
191 7 3940
7 160 3960
80 152 1806
100 149 7136
25 141 6564
56 152 133
172 3 5296
121 91 8041
11 40 8349
138 40 7126
17 196 1138
117 85 7706
86 65 4124
185 122 5653
87 163 9943
57 53 4288
16 65 35
189 124 415
148 112 348
36 25 5275
118 147 3
22 192 197
117 9 106
35 148 2058
40 140 8360
3 65 7986
34 135 1769
24 77 2133
9 65 9343
165 36 8541
148 8 7430
64 141 9728
159 43 9045
22 28 9137
12 187 1839
104 194 9409
154 146 670
193 16 7605
41 27 3902
130 74 1447
19 199 9997
199 130 9273
144 120 8965
119 97 6261
153 74 1792
97 116 2159
99 57 1186
112 127 5832
23 111 2174
21 106 9218
37 74 2655
32 100 7052
121 63 3119
52 132 83
6 51 4261
97 131 7651
86 148 1859
103 58 7772
153 190 1164
189 46 8391
188 70 9967
74 156 626
133 183 830
2 148 4541
66 136 240
131 99 9692
47 100 8427
115 63 3117
