99 1000 976
13 17 949455546
7 92 182072614
96 98 182072614
16 84 949455546
59 67 949455546
17 42 182072614
36 82 182072614
47 83 182072614
65 79 182072614
51 78 182072614
29 98 949455546
7 86 182072614
53 67 182072614
74 94 182072614
7 34 949455546
27 54 182072614
71 85 949455546
18 69 182072614
21 79 182072614
22 62 182072614
38 90 182072614
15 70 182072614
30 70 949455546
53 97 182072614
35 49 182072614
66 73 182072614
65 89 949455546
4 36 182072614
13 86 182072614
59 78 182072614
33 79 182072614
12 32 182072614
59 68 182072614
36 44 182072614
9 38 949455546
37 61 949455546
2 77 949455546
54 94 182072614
4 79 182072614
50 54 949455546
23 43 182072614
4 68 949455546
31 58 182072614
10 16 182072614
28 42 949455546
18 56 949455546
2 91 949455546
62 68 949455546
67 84 182072614
70 71 182072614
14 65 182072614
49 60 182072614
47 77 182072614
14 15 182072614
31 93 949455546
3 87 949455546
60 97 182072614
33 97 182072614
23 33 949455546
20 57 182072614
6 30 182072614
52 59 949455546
34 44 949455546
18 72 949455546
11 49 949455546
19 46 949455546
50 68 182072614
27 89 949455546
2 66 182072614
52 95 949455546
6 86 949455546
62 97 182072614
5 62 949455546
85 87 949455546
81 87 949455546
36 60 949455546
23 73 949455546
54 78 949455546
7 46 182072614
57 58 182072614
3 10 182072614
92 93 949455546
14 79 182072614
61 86 949455546
14 98 182072614
1 61 182072614
65 91 182072614
2 15 182072614
73 81 182072614
33 82 182072614
61 85 949455546
9 20 182072614
23 66 182072614
51 91 949455546
17 32 949455546
57 71 182072614
55 86 949455546
57 90 949455546
1 51 949455546
23 32 182072614
25 81 182072614
36 80 182072614
20 76 182072614
43 45 182072614
35 62 182072614
16 30 949455546
75 84 949455546
56 58 949455546
13 37 182072614
92 97 182072614
52 69 949455546
25 47 949455546
15 26 182072614
70 97 182072614
18 70 949455546
19 40 949455546
14 79 949455546
3 67 949455546
40 70 949455546
83 99 182072614
25 62 182072614
90 51 344054242
36 34 573941760
24 27 273320131
37 10 703663909
66 40 419345741
40 24 72346726
51 78 904518217
67 6 634518595
6 98 846673211
30 78 772983336
43 15 58383084
51 95 384788988
14 34 270398942
47 54 419121088
32 28 347367649
69 76 455035057
63 67 771773128
37 58 355942678
72 51 961727743
72 55 648486934
77 36 693459456
16 93 19035099
76 27 321836573
47 19 447916180
90 87 38322138
82 55 638600908
16 70 557352345
28 62 92747881
44 76 388086449
47 6 434463317
55 70 599332694
91 87 56124511
61 72 192987112
8 51 15899666
86 92 28977730
15 74 61239499
77 12 839354830
46 3 956339632
42 38 59954466
72 91 95118636
96 28 878288915
63 18 722657962
18 89 858472896
51 3 745458306
7 15 705178039
49 27 769197793
25 35 672344114
51 92 786453459
29 66 722457462
53 99 101167887
70 5 343244071
82 70 680094765
38 51 140467487
83 13 912162776
59 61 167058145
41 5 428784410
51 43 820385825
21 44 862345472
82 85 590649837
78 17 422951283
42 60 932353268
11 5 120406373
79 96 400011277
96 3 343892686
41 72 128585275
75 65 217661864
26 77 981240979
91 56 829744990
18 37 251730232
86 91 722870153
77 59 692562030
71 35 158875281
46 28 328849836
3 93 971257702
41 51 19935436
6 12 501239221
85 85 772970280
68 63 19537476
58 66 824628710
91 86 58982666
94 97 751935042
27 56 37007255
61 83 585426214
61 59 831435190
41 70 914447121
76 60 403758839
21 52 965263660
89 32 354797958
14 98 191040311
75 48 783756256
34 62 395296953
26 29 367115996
68 46 684782232
10 86 908172807
31 74 224319040
43 51 954598308
30 75 993774064
59 92 348512465
62 85 2487937
68 66 325896123
89 79 803455417
60 74 172250425
75 15 831437839
94 52 831904276
19 95 907096105
47 8 415496821
78 49 544802248
51 39 875349940
85 55 204135254
49 85 66639804
18 9 843930677
95 79 783157731
53 8 129691211
28 6 70179709
57 85 69846878
64 70 671565969
62 66 301958350
70 12 592336007
72 16 396300424
79 33 406818552
44 82 653911447
34 97 219981731
27 8 676809116
88 74 346949276
18 8 128094459
43 18 870940063
32 41 652977080
81 44 41384196
74 44 119245575
66 45 917319000
7 11 306495375
38 41 868441179
17 52 456247570
87 1 166973748
45 38 849446417
75 14 587092821
98 71 314481611
22 54 832844664
42 34 965180400
23 4 814463517
66 94 414660079
69 28 147962585
26 90 755196132
47 51 540810733
34 66 820903385
13 33 857924062
72 93 846617608
6 8 753975584
94 89 357990321
53 50 86781683
73 38 59203447
2 48 35286640
38 68 379613173
33 90 155735471
41 53 268563037
46 82 428104696
64 58 521699567
36 24 219145380
58 28 394070574
28 41 259536551
63 94 153707073
21 34 673951
21 63 830141009
80 10 473535495
10 22 581584196
14 60 340378870
7 51 871444515
71 80 46659763
3 47 228223675
96 58 555983236
19 50 990941497
42 2 667231595
62 94 29349129
71 70 382132284
1 37 625951312
64 58 738917735
57 23 640304589
57 45 111502639
70 64 21841219
10 44 603063301
27 53 125847975
83 99 674023362
84 53 671879598
40 84 987154207
27 33 746932889
38 91 754314680
22 1 476301595
5 58 342404815
59 58 245361615
18 94 696358253
27 74 609355123
94 79 630538861
92 80 852373483
85 32 643371852
83 36 866274818
69 20 9853683
44 8 77236354
49 67 721221280
27 19 66596473
79 43 723776930
87 29 550409359
91 96 445061242
76 65 272027720
86 43 377824037
19 80 350200405
65 53 289409055
27 3 583847655
17 50 732351505
53 58 706647333
63 45 402312823
38 93 268421482
9 47 183774569
40 10 218573777
74 60 209222716
37 40 694665479
61 96 769539810
22 55 132855168
35 84 42486542
70 73 619321420
44 66 101622539
4 60 464587395
98 83 414382648
13 99 365421133
85 52 104872966
91 62 358678641
64 49 651558623
96 59 349971761
63 50 440688772
52 54 433555188
71 10 242496173
93 69 196607337
43 4 435414475
51 52 148598518
55 62 572308355
36 79 942601455
38 21 834437556
56 12 82023276
28 80 813530233
61 50 106947972
2 42 104740608
11 63 684616030
15 79 761062904
23 77 594520008
41 59 655028720
75 44 900835288
87 17 50289730
97 28 697069486
93 69 37666464
50 74 723617769
85 81 73708025
44 62 898129644
68 31 301743143
99 73 424129736
96 76 480320825
72 27 555099732
3 6 915039852
7 57 598353220
36 68 881184984
64 8 987052851
78 1 718348740
10 23 866011462
19 63 529651018
63 43 699771775
43 82 432131476
29 26 578219189
66 37 504675937
4 10 645483964
85 7 4398414
73 41 810382736
22 32 981267184
97 61 543624188
84 27 630854209
83 81 514512890
55 31 219622281
38 31 111442532
89 97 117088951
36 55 567154087
43 60 376675760
59 34 769805809
93 43 494443479
92 45 694263043
67 29 752883598
88 51 561051466
30 57 356076599
96 57 891627818
5 8 124293994
47 41 940113109
91 55 618044361
16 78 797002570
9 73 712173706
38 12 225944076
36 77 541677858
60 41 720052048
48 51 29405321
75 15 712230731
19 57 463432387
33 20 96354683
36 3 925168686
16 95 471783883
76 69 789022276
59 11 24866953
24 23 280891809
80 47 280515586
42 70 215822085
46 29 340047857
81 40 584667735
51 61 917863473
24 67 922272401
14 94 20867846
70 20 207098713
8 64 862309226
31 28 342792127
85 54 148918571
21 17 694572409
76 77 893259859
52 97 418008496
63 22 85185281
88 32 231953565
96 84 758947996
61 87 417231195
54 20 931923445
31 70 387926227
25 99 901877727
17 95 410349038
88 89 73690924
42 97 523867330
47 74 977756877
10 74 138695419
60 18 796190472
86 36 47303020
92 74 437010511
31 28 284914965
73 46 395108481
52 81 508785058
44 94 954172992
71 91 134609191
8 51 745076529
73 7 134979015
83 81 168251670
15 34 380597335
6 36 970374577
99 73 389996852
40 30 372550657
24 83 622152730
46 44 187559128
63 14 771275149
39 40 497021966
72 12 444877235
2 84 411265790
55 87 638148712
33 34 889108080
63 72 656650405
86 58 552234895
2 31 3297113
13 31 125249155
62 55 838807620
76 47 107408766
6 62 354386949
2 66 935852254
44 60 917911018
25 71 590209534
4 18 781556660
10 49 321579244
41 46 69690802
40 17 858405940
48 15 607668705
3 1 517641044
6 91 851579606
88 82 100354653
53 39 106724076
99 12 885190884
9 56 488850787
89 46 64322630
11 10 339929158
50 28 636911229
59 72 848897806
11 19 668981295
91 95 253970949
50 10 53519517
43 11 262525962
45 54 957718439
72 28 102388590
38 27 219882407
71 56 62247848
98 78 186377529
91 85 152832018
25 59 604834869
48 68 348919025
59 49 146182718
69 14 445920390
97 26 678143011
76 33 840583166
44 63 710854592
68 21 110777230
88 56 955777306
51 49 136998557
79 40 773862262
99 11 48215886
17 55 370881126
9 2 940430935
4 47 391714193
5 90 259974545
44 29 59857854
5 77 142141246
44 19 642335165
1 39 140363628
54 30 218740713
51 38 136227458
66 70 485828398
13 18 394010703
25 22 6792668
30 94 300131229
52 89 211695023
1 65 510819734
68 66 204535101
74 64 784273472
84 22 12293480
34 31 86133032
58 71 682436222
77 15 724380700
49 90 459401480
60 2 560817044
66 60 335817158
32 15 325743876
70 84 600812391
97 41 134990095
60 88 363986511
95 15 530285927
34 69 732115663
98 13 260069412
63 98 461049249
66 78 9219131
20 71 524986490
78 10 683598337
19 66 547481104
3 5 199630799
86 56 551271751
63 68 983196349
18 52 356539222
63 77 635541829
90 34 399220897
98 83 913458776
62 98 239423390
64 10 628603522
11 85 61232052
67 39 266624081
27 63 975263134
53 17 306845362
81 38 837379642
20 36 118357175
54 17 825033132
7 77 384968656
61 31 828038662
1 23 314492790
49 91 687165971
74 64 564065352
33 28 77208641
12 54 171505457
89 88 388985413
50 80 603885969
42 11 573152488
66 81 816057553
87 86 683469410
86 28 658169953
88 83 31475933
5 93 53443144
85 56 387573676
18 40 278456723
78 73 849476391
48 37 973497002
48 16 467120637
21 81 846336712
98 25 731990472
17 47 798147536
3 88 856727257
11 22 70239150
58 70 67198101
41 45 950933399
60 51 781262141
54 60 150966993
3 6 992135528
60 40 298025388
99 46 142462407
30 56 79743800
72 61 77984360
52 3 476811518
52 11 180181948
53 72 293308440
2 91 980573595
15 31 798478446
99 49 319550113
42 7 56059819
58 36 817083283
89 69 227803706
58 6 916920795
82 74 923671889
23 19 438842201
5 21 393778450
47 93 315864273
66 34 529821505
47 78 107651449
19 50 800025997
90 59 547552029
86 10 797112146
60 3 700314946
85 18 121661715
29 33 191435016
83 60 450483521
71 34 725235397
36 65 242579270
25 64 73561130
76 5 676490833
3 30 693422781
59 48 57021544
28 52 165349215
28 87 851036649
22 54 435223334
65 43 749565099
79 87 693649374
42 83 454804733
89 37 460247696
74 47 618163011
90 18 87495995
49 92 962901429
17 75 472439461
42 20 879753168
45 58 70151779
85 92 457714030
20 62 571908668
63 76 8037242
51 79 862381940
15 52 331702894
55 84 429455621
33 36 28676281
58 80 554208241
56 44 354144981
66 84 180409766
66 91 607463955
35 65 828956757
36 7 157918118
29 27 249692137
72 67 342504617
72 50 365275512
72 89 311295261
43 82 557942578
94 14 481004701
50 94 605257919
40 6 18695471
1 33 837686000
86 93 745074324
48 41 485168188
48 57 963208958
59 34 691985685
78 16 889482395
67 57 246339578
11 99 39343511
3 78 327306071
11 19 66326335
84 56 584837986
68 85 823137715
71 29 35821264
92 85 109190991
49 38 72405589
81 32 659425205
99 63 183734091
18 32 332220793
63 49 465098926
84 79 79005082
80 50 955490579
79 32 70167677
21 66 934626828
67 95 166130315
55 82 513115600
90 84 704089867
54 44 537232397
51 56 318843753
87 91 947619833
98 47 830782226
90 81 608515748
98 65 502306823
96 38 611969916
78 80 238485909
13 90 464907871
65 24 187745024
44 11 619674118
74 73 980529736
87 18 454270696
51 62 516651051
19 90 476005697
2 63 364677432
76 28 43012199
87 86 963254780
6 6 97706440
95 92 543855804
4 67 445639366
55 76 388397514
13 23 774833841
61 44 652974270
65 37 628329294
14 9 108342905
10 67 255930809
10 55 451687135
13 56 989865962
84 52 694213747
53 15 605881166
67 5 918598239
48 99 616324445
46 55 104835518
7 4 16468483
10 21 257429183
63 92 117234135
95 81 409691933
7 38 426832788
14 14 880428988
31 80 329558471
50 84 984322684
47 28 793802653
56 72 612227913
66 21 817618393
70 75 294226854
97 13 47632653
83 40 204818988
13 45 106411953
80 77 864111848
42 81 840757254
12 18 609145436
76 43 77629850
38 57 296079648
97 91 936010598
81 22 451745043
16 50 12415264
62 9 663834618
12 17 349433114
47 71 533132597
22 99 322396648
90 92 531599983
96 96 398754425
94 20 872023171
30 40 545908029
81 51 512301968
11 48 830124769
18 71 897387221
71 21 40734780
16 71 22057807
28 87 606199099
82 40 265337555
40 58 457288390
49 21 567603707
25 83 448726248
10 89 182046537
12 20 83924331
25 28 115266585
78 40 276899239
14 57 836015561
95 94 740795503
45 42 751580069
94 50 687725227
21 88 864721347
23 28 53137065
85 83 200254993
53 28 745569833
19 26 649386491
83 33 914082459
30 85 23642244
26 43 181265062
68 73 754349061
63 72 130946952
67 10 436859867
95 40 469125171
91 15 934202871
2 30 257848321
12 7 134312675
46 79 114223306
12 75 783478107
21 84 485066434
87 26 523382397
55 2 909196684
34 25 328946793
61 23 254971382
18 45 211873256
17 88 959315809
19 27 838961398
86 20 449110965
46 81 486629035
88 88 178814192
98 35 73147401
44 37 52711161
67 26 223641771
9 60 464923088
42 75 27639315
37 66 425277200
30 84 239484588
84 45 194128577
51 24 235997698
22 5 754207623
29 99 362068893
24 26 792754614
79 9 121848128
84 3 33900679
65 89 143599430
19 63 210394953
34 85 100759645
31 21 516505007
60 10 852629704
43 9 80870995
21 76 717274498
40 52 582581894
62 63 753140607
94 90 613093171
64 74 848400210
56 66 135817414
12 71 89709123
59 82 223817484
80 63 213668465
98 14 483305134
53 68 33114471
47 68 982196548
75 27 885392644
91 78 104224906
14 16 717818215
3 34 917386568
44 63 7411220
45 12 170585458
92 58 156447959
55 50 452935703
21 32 687456673
39 66 33788776
15 70 167845365
13 37 619614500
80 36 1877960
56 75 28614506
53 14 78691703
13 75 380274229
79 36 475411909
23 77 459139238
19 20 954177160
85 4 744924337
65 16 735649069
2 83 382275310
39 56 48513053
46 78 140437366
80 59 48733770
35 3 292123788
11 42 936475167
65 70 818208744
40 92 768775764
64 18 958839137
9 69 137836123
8 77 609774473
1 51 484576337
98 45 39956758
77 1 162282520
89 74 530314249
19 23 954034534
42 17 500871538
89 50 829602858
89 36 365471033
20 47 926012192
9 24 655221366
34 20 258111403
79 96 51085218
82 90 225924393
28 18 480671059
54 17 472502742
72 64 393868215
20 54 257385216
70 53 986618957
93 87 992122980
31 90 73291903
92 93 176251815
19 24 111000171
16 7 492252828
30 15 30295162
76 5 936258515
67 83 981017240
82 21 300264369
27 10 604362305
48 50 676204392
88 1 3819707
17 18 50454046
88 23 973984262
36 11 846887923
96 56 885320614
22 32 479239653
27 56 199592499
68 85 810897113
66 20 453325315
6 14 53054959
38 95 284292210
34 55 13073096
86 52 279016269
34 30 231799292
51 19 327041862
77 88 568725546
9 46 2650974
33 99 102737368
14 20 918217581
15 6 399597059
77 17 981236815
20 71 643448645
46 9 723330677
42 82 697533348
35 12 707527616
33 15 271813787
73 96 178583594
93 49 384342867
62 74 198913652
7 73 638929318
34 58 60986643
66 58 775389566
7 82 723478108
50 41 580124060
93 65 725391952
61 32 798094144
60 66 286655832
16 9 96769100
36 67 171696389
81 9 840807461
67 66 79200542
69 7 38963151
36 58 82410353
42 38 578368229
42 66 454391197
27 70 429606724
54 67 997919952
95 20 72772116
11 72 828905623
79 68 516999779
44 67 472886806
2 51 12679648
99 12 728725658
69 9 262531060
23 42 365053043
70 61 883929620
60 72 359038664
87 28 53905288
46 86 129656540
99 41 322486741
71 70 293832159
4 12 542026027
42 40 239130616
29 95 237822972
42 14 213233554
38 31 10474366
30 79 907467393
90 14 406722011
77 92 387521268
7 11 546933232
5 9 532736573
59 34 295261729
74 26 30842111
64 2 628527433
17 73 454436740
51 90 740351947
29 22 686720502
23 20 781262178
58 34 765538459
52 36 960170447
6 7 6436596
33 89 54870370
69 85 962489204
53 54 88178561
45 88 615781759
83 4 887218154
17 54 419281527
23 2 433397066
34 85 909015487
73 19 76673067
98 64 471697215
19 32 433338731
30 38 436888917
16 83 652295662
53 32 587789591
60 28 838586077
66 53 868608277
53 22 62188493
91 13 59491549
97 51 536431023
91 13 932212279
949455546 182072614 182072614 949455546 182072614 182072614 182072614 949455546 949455546 182072614 949455546 182072614 949455546 182072614 949455546 949455546 949455546 182072614 949455546 182072614 949455546 182072614 949455546 182072614 949455546 949455546 949455546 182072614 949455546 182072614 949455546 949455546 182072614 182072614 182072614 949455546 949455546 182072614 949455546 949455546 182072614 182072614 182072614 949455546 949455546 182072614 949455546 182072614 949455546 949455546 182072614 182072614 182072614 182072614 182072614 182072614 949455546 949455546 949455546 949455546 949455546 949455546 949455546 182072614 949455546 949455546 949455546 949455546 949455546 949455546 182072614 182072614 949455546 182072614 949455546 182072614 949455546 949455546 182072614 182072614 949455546 949455546 949455546 949455546 182072614 182072614 949455546 949455546 182072614 949455546 182072614 182072614 182072614 949455546 949455546 182072614 182072614 182072614 949455546 182072614 182072614 182072614 182072614 949455546 182072614 949455546 949455546 949455546 182072614 182072614 949455546 949455546 182072614 949455546 949455546 949455546 182072614 182072614 182072614 182072614 949455546 182072614 182072614 949455546 182072614 949455546 949455546 949455546 182072614 949455546 182072614 182072614 182072614 949455546 182072614 182072614 949455546 182072614 949455546 949455546 949455546 182072614 949455546 949455546 182072614 182072614 949455546 182072614 182072614 949455546 182072614 182072614 949455546 182072614 182072614 182072614 949455546 182072614 182072614 182072614 949455546 182072614 949455546 182072614 182072614 182072614 949455546 182072614 182072614 182072614 182072614 949455546 949455546 949455546 949455546 182072614 949455546 182072614 182072614 182072614 949455546 182072614 949455546 182072614 182072614 949455546 949455546 949455546 182072614 949455546 949455546 182072614 182072614 949455546 182072614 949455546 949455546 949455546 949455546 182072614 949455546 949455546 949455546 949455546 949455546 182072614 949455546 949455546 949455546 182072614 949455546 949455546 182072614 182072614 949455546 949455546 949455546 949455546 949455546 949455546 949455546 182072614 182072614 182072614 182072614 182072614 182072614 949455546 182072614 182072614 949455546 949455546 949455546 182072614 949455546 182072614 182072614 949455546 949455546 182072614 949455546 182072614 949455546 182072614 949455546 949455546 949455546 182072614 949455546 949455546 182072614 182072614 949455546 182072614 182072614 949455546 949455546 949455546 949455546 182072614 182072614 182072614 182072614 182072614 182072614 182072614 182072614 182072614 182072614 949455546 949455546 949455546 182072614 182072614 182072614 949455546 949455546 182072614 182072614 949455546 949455546 949455546 949455546 182072614 949455546 182072614 949455546 949455546 182072614 949455546 182072614 182072614 949455546 949455546 949455546 182072614 182072614 182072614 182072614 182072614 949455546 182072614 182072614 949455546 182072614 949455546 949455546 182072614 182072614 182072614 182072614 949455546 949455546 949455546 949455546 182072614 182072614 949455546 949455546 949455546 182072614 949455546 182072614 949455546 949455546 949455546 182072614 949455546 949455546 182072614 949455546 949455546 182072614 182072614 949455546 949455546 949455546 182072614 949455546 949455546 949455546 949455546 949455546 182072614 182072614 949455546 949455546 182072614 182072614 182072614 949455546 949455546 182072614 182072614 182072614 182072614 949455546 182072614 949455546 949455546 949455546 949455546 949455546 949455546 182072614 949455546 182072614 182072614 949455546 949455546 182072614 949455546 182072614 949455546 182072614 182072614 182072614 949455546 949455546 949455546 949455546 949455546 949455546 182072614 949455546 182072614 182072614 949455546 949455546 182072614 182072614 182072614 182072614 949455546 949455546 949455546 182072614 949455546 949455546 949455546 949455546 182072614 949455546 949455546 182072614 949455546 949455546 182072614 182072614 182072614 182072614 949455546 949455546 182072614 182072614 949455546 949455546 182072614 182072614 949455546 182072614 182072614 182072614 949455546 949455546 949455546 182072614 182072614 949455546 182072614 182072614 949455546 182072614 949455546 182072614 949455546 182072614 949455546 182072614 182072614 182072614 182072614 949455546 949455546 182072614 949455546 182072614 949455546 182072614 182072614 949455546 949455546 182072614 949455546 949455546 182072614 949455546 182072614 182072614 182072614 182072614 182072614 949455546 182072614 949455546 949455546 949455546 182072614 182072614 182072614 182072614 182072614 182072614 949455546 949455546 182072614 949455546 182072614 949455546 949455546 182072614 949455546 949455546 949455546 949455546 949455546 949455546 182072614 949455546 949455546 182072614 949455546 182072614 182072614 949455546 949455546 949455546 949455546 949455546 949455546 949455546 182072614 949455546 182072614 182072614 182072614 949455546 182072614 182072614 182072614 949455546 949455546 182072614 182072614 949455546 949455546 949455546 182072614 182072614 182072614 182072614 949455546 949455546 949455546 949455546 949455546 182072614 949455546 182072614 182072614 182072614 949455546 949455546 949455546 949455546 182072614 949455546 949455546 182072614 182072614 949455546 949455546 182072614 949455546 182072614 949455546 182072614 949455546 949455546 182072614 182072614 182072614 949455546 949455546 182072614 949455546 949455546 949455546 182072614 949455546 182072614 182072614 182072614 949455546 949455546 949455546 949455546 182072614 182072614 949455546 182072614 949455546 182072614 949455546 182072614 182072614 949455546 949455546 182072614 182072614 182072614 949455546 182072614 182072614 949455546 182072614 949455546 182072614 949455546 949455546 949455546 949455546 949455546 949455546 182072614 182072614 949455546 182072614 949455546 182072614 949455546 182072614 182072614 182072614 949455546 949455546 949455546 182072614 949455546 949455546 949455546 949455546 949455546 949455546 949455546 949455546 182072614 949455546 949455546 182072614 949455546 949455546 182072614 949455546 949455546 949455546 949455546 949455546 949455546 182072614 949455546 182072614 182072614 949455546 949455546 949455546 182072614 182072614 949455546 949455546 949455546 949455546 182072614 182072614 949455546 949455546 949455546 949455546 182072614 949455546 182072614 949455546 182072614 949455546 949455546 182072614 182072614 182072614 182072614 182072614 949455546 949455546 949455546 182072614 949455546 182072614 182072614 182072614 949455546 949455546 182072614 182072614 182072614 182072614 949455546 182072614 182072614 182072614 949455546 182072614 949455546 949455546 949455546 949455546 949455546 949455546 949455546 182072614 182072614 949455546 182072614 182072614 182072614 949455546 949455546 182072614 949455546 182072614 949455546 949455546 949455546 949455546 949455546 949455546 949455546 182072614 949455546 182072614 949455546 949455546 949455546 949455546 182072614 949455546 949455546 949455546 182072614 182072614 182072614 182072614 949455546 949455546 949455546 949455546 182072614 949455546 949455546 182072614 182072614 182072614 949455546 949455546 182072614 949455546 182072614 949455546 949455546 182072614 949455546 182072614 949455546 182072614 949455546 182072614 182072614 182072614 182072614 949455546 949455546 182072614 949455546 182072614 182072614 949455546 949455546 182072614 182072614 182072614 182072614 182072614 182072614 182072614 949455546 182072614 949455546 182072614 949455546 949455546 949455546 949455546 949455546 182072614 949455546 949455546 949455546 182072614 949455546 182072614 949455546 949455546 949455546 182072614 182072614 949455546 182072614 182072614 949455546 182072614 182072614 182072614 182072614 949455546 182072614 949455546 182072614 182072614 182072614 182072614 182072614 949455546 182072614 182072614 949455546 182072614 182072614 949455546 949455546 949455546 949455546 182072614 949455546 949455546 949455546 949455546 182072614 949455546 949455546 182072614 182072614 949455546 182072614 182072614 182072614 182072614 182072614 949455546 182072614 949455546 949455546 182072614 182072614 949455546 182072614 949455546 949455546 182072614 182072614 182072614 949455546 182072614 949455546 182072614 182072614 949455546 182072614 949455546 949455546 182072614 182072614 949455546 182072614 949455546 182072614 949455546 182072614 182072614 182072614 182072614 182072614 182072614 182072614 949455546 182072614 182072614 182072614 949455546 182072614 182072614 949455546 182072614 949455546 182072614 182072614 949455546 182072614 182072614 182072614 182072614 949455546 949455546 949455546 949455546 182072614 949455546 949455546 949455546 182072614 182072614 949455546 182072614 182072614 949455546 182072614 182072614 182072614 182072614 949455546 949455546 949455546 949455546 949455546 182072614 949455546 949455546 182072614 182072614 182072614 949455546 949455546 949455546 182072614 949455546 182072614 949455546 182072614 182072614 949455546 949455546 182072614 949455546 182072614 949455546 949455546 949455546 949455546 949455546 949455546 949455546 949455546 182072614 182072614 949455546 182072614 949455546 182072614 949455546 182072614 182072614 182072614 949455546 182072614 949455546 949455546 182072614 949455546 949455546 182072614 182072614 949455546 182072614 182072614 182072614 182072614 182072614 949455546 182072614 949455546 182072614 182072614 949455546 182072614 949455546 949455546 182072614 949455546 182072614 949455546 182072614 182072614 949455546 949455546 949455546 949455546 182072614 949455546 949455546
