34
-7064199772.9995983056
-2802801140
5877467104
-773368770
3329951883
5443227812
-7049716871.3351970676
9211829247.6942607524
9155677298.4153092966
9089835929
-2446489792.7745829852
-6776181101.7520319307
637807768.6743505799
6122307512.4451108329
-8043234961.5287030483
2829995618.9568841890
4788061595.6771984733
1909786183.251736868
-1174344932
-6344856383.9633879603
2763104306.4945893901
7557871971
-8806293697.3438627230
-1528041001.6475931318
2481777156.143351056
7859680474.8935839946
-3527773293.9665463938
-3656714196
-3088295098
-9680966072.925999857
-6564024421
-7207766426.5943841457
-784856424.9300460864
8744205525
