5 5
710511029 136397527 763027379 644706927 447672230
979861204 57882493 442931589 951053644 152300688
43971370 126515475 962139996 541282303 834022578
312523039 506696497 664922712 414720753 304621362
325269832 191410838 286751784 732741849 806602693
806602693 732741849 286751784 191410838 325269832
304621362 414720753 664922712 506696497 312523039
834022578 541282303 962139996 126515475 43971370
152300688 951053644 442931589 57882493 979861204
447672230 644706927 763027379 136397527 710511029
