30 27
101111001101011000001011000
111100011101011110100101010
010001110101011101010100101
000001101000010000110001110
100010011101011111111110110
101100101110001010101011110
001010000010111110011011010
111110011010011100000001110
010101010011001000111001001
100001011100100000100000100
000110011110100111101110010
000000001101010001100010110
111110110110100000010100000
011010001000011100100111001
001011110110010000010001000
000101110001001000110111110
010010110001000100000111100
101101110101101101111100111
100110100011001001111101011
000010010000000000100101011
110001000101101101100000010
011111011101111101011010010
011110011111001110000111110
111111000011000110000010001
110001111011100001110110111
010101000101001011001110101
000101111110110010110000111
111011001101110101101100100
100011000100100011001010100
100010000100110100001111110
