60 60
1000 1000 80
1000 -1000 17
-1000 1000 38
-1000 -1000 76
1000 316 83
1000 25 65
1000 547 40
1000 290 41
1000 -523 55
1000 951 3
1000 -685 16
1000 -172 56
1000 -564 13
1000 449 11
1000 330 74
1000 -264 31
1000 -620 24
-1000 -998 9
-1000 763 76
-1000 -923 4
-1000 -716 51
-1000 843 99
-1000 994 76
-1000 106 25
-1000 -808 93
-1000 -929 39
-1000 501 37
-1000 764 74
-1000 630 23
-1000 883 46
442 1000 19
-227 1000 54
4 1000 57
604 1000 14
-541 1000 43
-795 1000 86
-317 1000 97
396 1000 100
589 1000 56
-424 1000 9
-544 1000 79
97 1000 79
183 1000 61
-556 1000 14
937 1000 23
-741 -1000 44
-304 -1000 100
-912 -1000 94
204 -1000 47
-523 -1000 20
926 -1000 52
670 -1000 63
-602 -1000 74
129 -1000 29
-500 -1000 84
-635 -1000 30
-659 -1000 22
-979 -1000 65
292 -1000 46
301 -1000 85
