100
962
26 27
68 69
85 86
76 77
32 33
93 94
49 50
36 37
92 93
5 6
90 91
13 14
73 74
10 11
81 82
64 65
63 64
95 96
10 11
63 64
47 48
69 70
84 85
53 54
56 57
53 54
6 7
23 24
14 15
69 70
64 65
77 78
72 73
13 14
17 18
83 84
58 59
39 40
48 49
71 72
63 64
95 96
81 82
69 70
2 3
75 76
24 25
30 31
75 76
5 6
62 63
52 53
8 9
85 86
18 19
62 63
26 27
63 64
14 15
25 26
68 69
86 87
83 84
1 2
79 80
77 78
38 39
70 71
15 16
13 14
2 3
32 33
15 16
11 12
57 58
76 77
28 29
66 67
38 39
61 62
47 48
24 25
60 61
33 34
52 53
97 98
54 55
99 100
28 29
94 95
91 92
7 8
60 61
42 43
61 62
21 22
98 99
45 46
17 18
2 3
49 50
49 50
5 6
28 29
72 73
59 60
89 90
61 62
41 42
46 47
72 73
11 12
35 36
24 25
67 68
90 91
43 44
53 54
73 74
51 52
87 88
62 63
74 75
48 49
23 24
62 63
39 40
69 70
50 51
63 64
53 54
55 56
74 75
22 23
15 16
57 58
63 64
57 58
93 94
50 51
2 3
37 38
30 31
24 25
68 69
62 63
27 28
85 86
88 89
44 45
15 16
57 58
56 57
5 6
81 82
92 93
5 6
67 68
36 37
37 38
41 42
75 76
93 94
81 82
12 13
50 51
1 2
3 4
59 60
48 49
70 71
10 11
5 6
72 73
96 97
47 48
20 21
58 59
71 72
8 9
47 48
10 11
88 89
15 16
89 90
91 92
75 76
54 55
92 93
85 86
78 79
64 65
64 65
77 78
16 17
31 32
11 12
56 57
39 40
90 91
56 57
48 49
34 35
97 98
16 17
65 66
57 58
73 74
72 73
65 66
59 60
83 84
4 5
55 56
64 65
32 33
25 26
41 42
5 6
31 32
41 42
60 61
6 7
94 95
57 58
9 10
62 63
2 3
5 6
68 69
54 55
45 46
50 51
88 89
41 42
41 42
22 23
60 61
88 89
8 9
2 3
17 18
32 33
84 85
37 38
5 6
58 59
72 73
83 84
67 68
16 17
39 40
12 13
36 37
77 78
78 79
74 75
73 74
2 3
7 8
6 7
31 32
95 96
96 97
46 47
62 63
48 49
80 81
79 80
10 11
25 26
69 70
29 30
69 70
82 83
18 19
11 12
42 43
80 81
1 2
19 20
30 31
27 28
29 30
24 25
16 17
3 4
63 64
72 73
18 19
42 43
66 67
95 96
86 87
56 57
42 43
90 91
36 37
58 59
34 35
33 34
50 51
89 90
40 41
64 65
34 35
38 39
83 84
46 47
85 86
35 36
87 88
26 27
47 48
30 31
32 33
84 85
4 5
21 22
42 43
30 31
1 2
65 66
74 75
75 76
55 56
25 26
19 20
4 5
68 69
56 57
98 99
25 26
58 59
32 33
11 12
17 18
55 56
15 16
59 60
85 86
34 35
32 33
30 31
75 76
34 35
28 29
78 79
70 71
92 93
82 83
96 97
45 46
73 74
70 71
16 17
41 42
96 97
95 96
45 46
70 71
64 65
45 46
82 83
3 4
14 15
34 35
56 57
34 35
42 43
46 47
4 5
84 85
59 60
78 79
48 49
46 47
57 58
40 41
71 72
73 74
35 36
33 34
99 100
69 70
49 50
56 57
14 15
82 83
50 51
20 21
1 2
20 21
45 46
21 22
75 76
6 7
33 34
7 8
61 62
71 72
1 2
83 84
88 89
12 13
41 42
86 87
6 7
74 75
47 48
85 86
76 77
50 51
17 18
21 22
73 74
63 64
17 18
69 70
96 97
81 82
11 12
1 2
36 37
70 71
84 85
23 24
97 98
16 17
42 43
88 89
3 4
20 21
24 25
84 85
52 53
69 70
27 28
3 4
38 39
17 18
78 79
41 42
24 25
10 11
98 99
66 67
73 74
25 26
34 35
76 77
5 6
30 31
20 21
87 88
55 56
69 70
68 69
72 73
78 79
55 56
41 42
68 69
8 9
53 54
55 56
78 79
57 58
53 54
12 13
37 38
51 52
72 73
28 29
25 26
74 75
4 5
22 23
52 53
79 80
79 80
5 6
51 52
95 96
33 34
27 28
33 34
98 99
27 28
41 42
76 77
47 48
32 33
92 93
28 29
69 70
95 96
35 36
63 64
74 75
32 33
75 76
41 42
30 31
38 39
8 9
40 41
28 29
79 80
58 59
41 42
93 94
96 97
55 56
80 81
46 47
20 21
2 3
59 60
78 79
27 28
2 3
4 5
9 10
11 12
88 89
19 20
88 89
42 43
14 15
84 85
28 29
9 10
16 17
78 79
65 66
32 33
93 94
54 55
60 61
47 48
6 7
90 91
76 77
13 14
11 12
3 4
51 52
19 20
89 90
84 85
88 89
82 83
70 71
10 11
83 84
45 46
80 81
80 81
84 85
42 43
30 31
62 63
28 29
92 93
18 19
51 52
15 16
76 77
41 42
71 72
73 74
23 24
48 49
45 46
56 57
73 74
12 13
74 75
29 30
8 9
25 26
46 47
40 41
85 86
71 72
24 25
20 21
72 73
26 27
32 33
66 67
88 89
41 42
34 35
48 49
1 2
68 69
34 35
13 14
57 58
32 33
80 81
40 41
38 39
2 3
39 40
15 16
44 45
19 20
83 84
37 38
20 21
96 97
39 40
37 38
20 21
66 67
90 91
58 59
66 67
11 12
19 20
53 54
88 89
57 58
28 29
12 13
27 28
81 82
60 61
14 15
92 93
52 53
59 60
85 86
89 90
33 34
28 29
91 92
57 58
12 13
21 22
59 60
9 10
38 39
33 34
64 65
62 63
11 12
24 25
39 40
74 75
44 45
60 61
95 96
57 58
49 50
48 49
99 100
78 79
56 57
32 33
8 9
58 59
91 92
92 93
54 55
97 98
56 57
36 37
44 45
15 16
1 2
96 97
92 93
42 43
47 48
70 71
21 22
22 23
14 15
74 75
66 67
49 50
60 61
62 63
91 92
15 16
3 4
45 46
41 42
21 22
90 91
8 9
70 71
90 91
60 61
77 78
18 19
48 49
66 67
59 60
65 66
57 58
53 54
55 56
21 22
79 80
50 51
58 59
96 97
73 74
1 2
1 2
43 44
93 94
75 76
31 32
86 87
42 43
86 87
74 75
35 36
30 31
28 29
72 73
84 85
5 6
28 29
69 70
92 93
28 29
62 63
81 82
88 89
62 63
70 71
78 79
13 14
27 28
12 13
39 40
93 94
39 40
38 39
49 50
28 29
68 69
57 58
77 78
35 36
12 13
70 71
62 63
48 49
24 25
35 36
98 99
79 80
9 10
14 15
88 89
21 22
11 12
58 59
43 44
1 2
54 55
46 47
80 81
9 10
79 80
20 21
4 5
13 14
55 56
55 56
14 15
70 71
50 51
22 23
87 88
68 69
18 19
23 24
26 27
99 100
57 58
29 30
19 20
37 38
87 88
17 18
15 16
44 45
39 40
31 32
10 11
49 50
7 8
60 61
61 62
54 55
27 28
84 85
74 75
70 71
21 22
20 21
4 5
82 83
13 14
43 44
35 36
34 35
65 66
1 2
26 27
18 19
21 22
92 93
2 3
92 93
65 66
76 77
38 39
43 44
94 95
32 33
64 65
89 90
13 14
36 37
79 80
50 51
50 51
1 2
21 22
3 4
35 36
85 86
17 18
51 52
59 60
14 15
35 36
67 68
29 30
23 24
65 66
41 42
11 12
3 4
26 27
92 93
24 25
7 8
16 17
96 97
98 99
52 53
81 82
50 51
66 67
88 89
48 49
41 42
51 52
36 37
67 68
47 48
88 89
90 91
77 78
39 40
90 91
81 82
43 44
21 22
16 17
21 22
63 64
68 69
47 48
52 53
86 87
26 27
59 60
33 34
68 69
15 16
98 99
69 70
39 40
55 56
76 77
10 11
77 78
26 27
95 96
44 45
62 63
82 83
25 26
91 92
90 91
12 13
7 8
3 4
10 11
47 48
85 86
52 53
50 51
89 90
41 42
5 6
89 90
14 15
31 32
24 25
87 88
53 54
48 49
98 99
36 37
88 89
36 37
60 61
38 39
34 35
58 59
25 26
44 45
15 16
35 36
41 42
71 72
82 83
92 93
42 43
81 82
32 33
52 53
89 90
33 34
2 3
46 47
85 86
41 42
87 88
25 26
8 9
55 56
82 83
71 72
47 48
15 16
91 92
97 98
32 33
