100
1
1
48
0 1 1 0 1 0 1 1 1 1 0 1 1 0 0 1 0 0 1 0 0 1 1 1 1 1 1 0 1 0 1 1 1 1 1 1 0 1 1 1 0 1 0 1 0 1 0 1
73
0 0 1 0 1 1 1 0 1 0 0 0 0 0 0 0 1 0 0 0 1 0 0 1 1 0 1 0 1 0 0 1 1 0 0 0 0 1 1 0 1 0 0 0 1 0 0 1 1 0 0 1 1 0 0 1 0 1 1 1 1 1 1 1 0 1 1 0 0 0 1 0 1
50
1 0 0 1 1 1 1 0 1 1 1 1 1 1 1 1 0 1 0 1 0 1 0 1 1 1 0 0 0 1 1 0 0 0 0 0 1 0 1 0 0 1 1 0 0 1 0 1 0 0
86
1 1 1 0 0 0 1 1 1 0 0 0 1 1 0 1 0 0 0 0 0 0 1 1 0 1 0 1 1 1 1 1 1 1 0 1 0 1 0 0 0 0 0 0 0 0 1 0 0 1 1 0 0 1 0 0 1 0 0 0 1 1 0 1 0 1 0 1 0 1 1 0 1 0 1 1 1 1 1 1 0 1 1 1 1 1
17
1 0 1 0 0 1 1 0 0 0 1 0 0 0 0 1 1
78
0 1 0 1 0 0 0 0 1 0 0 0 0 0 0 1 0 1 1 1 0 0 0 0 1 1 1 0 1 0 0 1 1 1 1 1 0 1 1 1 1 1 1 0 0 0 1 1 1 1 0 1 0 0 1 1 1 1 0 1 1 1 1 0 0 1 0 1 0 1 0 0 1 1 0 1 0 0
55
1 1 1 1 1 0 0 1 0 0 1 1 1 1 0 0 0 1 0 0 1 1 0 0 0 1 0 0 0 1 1 1 0 1 1 1 1 1 0 1 0 1 0 0 1 0 0 1 1 0 0 0 1 1 1
36
1 1 1 1 1 1 0 0 0 1 0 0 0 1 0 0 0 1 0 0 0 0 1 1 1 0 1 1 1 1 0 1 1 0 0 0
60
1 1 0 1 0 0 1 0 0 0 0 1 1 0 0 0 0 1 1 1 0 1 1 0 0 0 0 0 0 0 1 0 0 0 0 1 0 0 1 1 1 0 0 1 1 0 0 1 1 0 1 1 1 0 0 0 1 1 1 1
58
1 0 1 0 1 1 1 1 1 0 0 0 1 0 0 0 1 1 0 0 1 0 1 0 0 1 1 1 0 1 1 0 1 1 0 0 0 1 0 1 0 0 1 1 1 0 1 1 0 0 1 0 1 0 1 0 0 0
29
1 0 1 0 0 1 0 1 1 0 0 1 0 1 0 1 1 0 1 0 1 1 0 0 0 1 0 1 1
12
1 0 0 0 1 0 0 1 1 0 1 0
50
0 1 0 0 0 0 1 1 1 1 0 0 0 1 1 0 0 0 0 1 1 0 0 0 1 0 1 1 1 0 0 1 0 1 0 1 1 0 0 0 1 0 1 1 1 1 1 1 0 1
7
1 1 0 0 0 1 0
67
1 0 1 0 1 0 1 0 0 1 1 0 1 0 1 1 0 0 0 0 1 0 1 0 0 0 0 0 0 1 0 1 1 0 1 1 0 1 0 1 1 1 1 0 0 1 0 0 1 0 1 0 1 0 1 0 1 1 0 1 0 1 1 0 1 0 1
38
1 1 1 0 1 1 0 0 0 1 0 1 0 0 1 1 1 1 1 0 1 1 1 1 0 0 1 0 0 1 1 1 1 1 0 0 0 0
59
1 0 1 0 0 0 1 0 0 0 1 0 1 1 1 1 1 0 1 0 1 1 1 0 0 1 1 1 1 0 0 1 0 0 1 1 0 1 0 1 0 1 1 1 1 1 1 0 0 0 0 0 1 1 0 0 0 0 1
33
1 1 0 1 1 1 0 1 0 1 0 1 0 1 1 1 1 0 1 0 1 0 0 1 0 1 1 0 1 1 1 0 0
52
1 1 0 1 1 0 1 1 1 0 0 0 0 0 0 1 0 0 0 0 0 1 1 1 0 1 0 1 0 0 0 0 0 0 1 0 1 1 1 1 1 0 1 1 1 0 1 0 1 0 0 0
84
0 1 0 0 0 1 1 0 1 0 0 0 0 0 0 0 0 0 1 0 0 1 1 0 0 0 1 1 0 0 0 1 0 1 1 1 1 1 0 0 0 0 1 1 1 1 1 1 1 0 0 1 0 1 0 0 0 0 1 1 0 1 0 1 1 1 1 0 0 1 1 0 0 0 0 0 1 1 1 1 1 1 0 1
6
0 1 0 1 1 0
41
1 1 1 0 1 0 0 1 1 1 0 0 0 1 1 0 1 1 1 0 1 0 0 1 0 0 1 0 1 1 0 1 0 0 0 1 0 0 0 0 1
5
1 0 1 0 0
45
0 0 0 0 1 1 1 1 0 1 1 0 1 0 1 1 1 1 1 1 1 0 1 0 1 0 1 0 0 0 1 0 0 0 0 1 0 0 0 0 1 0 1 1 1
60
0 1 1 0 0 1 0 1 1 1 1 1 0 0 0 0 0 1 1 0 0 1 0 1 1 0 1 0 1 1 1 1 1 0 0 1 0 1 0 0 1 0 1 0 0 0 0 1 0 0 0 1 1 1 1 1 0 0 0 0
50
1 1 1 1 1 0 1 1 0 0 1 1 1 1 1 0 0 1 1 1 1 1 0 1 0 0 1 0 0 1 1 0 1 1 1 1 0 1 0 0 1 1 1 0 0 1 0 0 1 1
95
1 0 1 0 1 0 0 1 1 0 0 1 0 1 0 0 1 0 0 1 1 1 1 0 0 1 0 1 0 1 0 0 0 1 0 0 0 0 1 0 0 0 0 1 1 1 1 1 0 1 1 1 0 1 0 0 0 1 0 0 1 1 0 0 0 0 1 1 1 0 0 0 0 1 0 0 1 0 1 1 0 0 1 0 1 0 1 1 1 0 1 1 1 0 0
38
1 0 1 0 0 0 1 0 0 1 0 1 0 1 1 1 1 1 0 0 1 0 0 0 0 1 0 1 0 0 1 1 0 0 1 0 0 0
63
1 0 0 0 1 0 1 1 1 1 1 1 1 0 1 0 0 1 0 0 1 0 1 1 0 1 0 0 1 1 0 1 0 1 0 1 0 1 0 1 1 1 0 0 1 1 0 0 0 1 0 0 1 1 1 1 0 0 1 0 1 0 0
43
0 0 0 1 1 1 0 0 0 1 0 0 1 0 1 1 0 0 0 0 1 0 1 0 0 0 1 1 1 1 0 0 0 1 0 1 0 1 0 0 0 0 0
69
0 1 0 1 1 0 1 1 0 0 0 0 0 0 0 0 0 1 1 1 0 1 1 0 1 1 0 1 0 1 1 0 0 0 1 0 0 1 0 1 1 1 1 0 0 1 0 1 1 0 0 1 0 0 0 0 1 0 0 1 1 1 1 1 1 0 1 1 1
29
1 1 0 1 1 1 0 1 0 0 0 1 1 0 1 1 0 0 0 0 0 0 1 1 0 0 1 0 1
24
1 0 0 0 1 0 0 1 0 0 0 1 0 1 1 0 1 1 0 0 0 1 1 0
99
0 1 1 0 0 1 0 1 1 0 0 0 1 0 0 1 0 0 1 0 0 1 1 0 1 0 1 0 1 1 0 0 0 0 0 0 0 0 0 1 0 1 1 1 1 1 1 1 1 1 0 0 0 0 1 0 0 0 1 1 1 0 1 0 0 1 0 0 1 0 0 0 1 1 1 1 0 1 0 0 1 1 1 1 1 1 1 1 1 0 0 1 0 1 0 0 1 1 1
75
0 1 1 0 1 0 0 0 1 1 0 1 0 1 1 0 1 0 0 0 0 0 1 1 0 0 1 1 1 0 0 1 1 0 1 0 1 0 1 0 1 0 1 1 0 1 1 0 1 1 1 1 1 0 0 1 0 1 1 0 0 0 1 0 0 1 1 0 0 0 0 0 1 0 1
46
1 1 1 1 1 1 0 0 0 1 0 1 1 0 0 1 0 1 1 0 1 0 1 0 1 1 0 1 1 1 0 0 1 0 1 0 1 0 1 0 0 0 0 1 1 1
15
1 0 0 1 0 0 0 0 1 1 1 1 0 1 0
81
0 1 0 0 0 1 0 1 1 0 0 1 1 1 0 0 0 0 1 0 0 1 0 0 1 0 1 1 1 1 1 0 0 1 1 1 1 0 0 1 1 0 0 1 0 0 1 0 0 1 1 0 1 1 1 1 0 1 0 1 0 0 1 1 1 1 0 0 0 0 1 0 0 0 1 0 1 0 1 0 0
55
0 1 1 1 1 0 0 0 1 1 1 1 1 1 1 0 0 1 1 1 1 1 1 0 1 1 0 1 1 0 0 0 1 1 1 0 0 1 1 1 1 1 0 0 1 1 0 1 1 1 0 0 0 1 1
58
0 1 0 1 1 1 0 0 1 0 1 0 1 1 0 1 0 1 1 0 0 0 0 1 1 0 0 1 1 1 0 0 1 0 0 0 0 1 0 1 0 0 1 0 0 0 0 0 0 0 1 0 1 1 0 0 0 1
71
0 1 1 1 1 0 1 1 1 0 1 0 0 0 1 0 1 0 1 0 1 1 0 1 0 0 1 0 1 0 0 1 0 1 0 0 1 0 0 0 0 0 0 0 0 0 0 1 0 1 0 0 1 0 0 1 0 1 0 0 0 0 0 1 0 1 0 1 1 0 0
92
0 1 1 1 0 1 1 1 0 0 1 1 0 0 1 1 0 1 0 0 0 1 0 1 1 1 1 1 0 0 1 0 0 1 0 0 1 1 0 0 0 1 1 0 0 1 1 0 1 1 1 1 0 1 0 1 0 1 1 0 0 0 1 0 0 0 1 1 0 0 1 0 0 0 1 1 1 0 0 1 0 1 1 0 1 0 1 1 1 1 0 0
46
0 0 0 1 1 0 0 0 1 0 1 0 0 1 0 1 0 0 0 1 0 1 1 0 1 0 1 1 0 1 0 1 0 0 0 0 1 0 0 1 0 0 1 1 0 0
73
1 0 1 1 1 0 1 0 0 1 0 1 0 0 0 1 1 1 0 1 0 0 1 0 0 1 1 1 1 0 0 1 0 0 1 0 0 0 1 1 0 0 0 1 0 1 0 1 0 1 1 0 1 0 0 0 1 1 0 1 1 1 0 0 0 1 1 1 0 1 0 1 1
88
1 1 0 0 0 1 1 0 1 0 1 1 1 0 1 1 0 0 0 1 1 0 1 1 0 0 0 1 0 0 0 0 0 0 1 0 0 0 0 0 1 1 0 1 1 1 0 1 1 0 0 1 0 1 0 1 0 1 0 0 1 1 1 1 0 1 1 0 0 1 0 0 1 0 0 1 0 0 1 1 1 0 1 0 1 1 1 0
32
1 1 1 1 0 0 1 0 0 0 1 1 0 1 1 0 0 1 0 0 0 0 0 0 1 1 1 0 1 0 0 0
70
1 1 0 0 1 0 0 0 1 0 0 0 1 0 1 0 1 0 1 0 0 1 1 1 0 1 0 1 0 0 1 1 1 1 0 0 0 0 0 1 0 0 0 1 1 0 1 1 0 0 1 1 0 1 1 1 0 0 1 0 1 0 0 0 1 0 1 0 1 0
3
1 0 1
55
1 0 0 1 1 1 0 0 0 0 1 0 0 1 1 1 0 1 1 1 0 0 1 1 0 0 0 0 0 1 0 1 0 1 1 1 1 0 0 1 1 0 0 0 1 1 0 1 1 1 0 1 0 1 1
82
1 1 1 0 1 1 1 1 0 1 0 0 1 1 0 0 1 1 0 1 0 0 1 1 1 1 0 1 0 0 0 0 0 0 0 0 1 1 0 1 1 0 1 1 1 0 0 0 1 1 1 1 1 1 1 0 0 1 0 1 0 0 0 0 0 1 1 1 1 0 1 1 1 0 0 0 0 0 1 0 1 1
51
1 1 0 1 0 0 1 0 0 0 1 0 0 1 1 0 1 0 1 1 1 1 1 0 0 0 0 1 0 1 1 0 0 1 1 1 0 0 0 0 0 1 0 0 0 1 1 0 1 0 0
86
1 0 1 1 1 1 0 0 1 0 0 0 1 1 0 1 1 1 1 1 1 0 0 0 0 1 0 1 0 0 1 1 0 0 1 1 1 1 0 0 1 0 0 0 1 1 0 0 1 1 1 1 1 0 0 0 0 0 1 0 1 0 0 1 1 1 1 0 1 1 0 0 1 1 1 1 1 0 1 1 1 1 1 1 0 0
83
0 0 1 1 0 0 0 1 1 1 1 0 1 0 0 1 1 1 1 0 1 0 1 1 1 0 1 1 0 0 0 0 1 1 0 0 1 0 0 0 1 0 1 0 0 0 1 0 0 1 0 0 1 0 1 0 1 1 1 0 0 0 0 1 0 1 1 1 0 0 1 1 0 1 1 0 0 1 0 0 0 0 0
91
1 1 1 0 0 0 0 1 0 1 1 1 1 0 1 1 1 0 0 1 1 1 0 1 0 0 1 1 1 1 0 0 0 1 1 1 0 1 0 1 0 0 1 0 0 1 0 0 1 1 1 0 0 1 1 0 0 1 0 1 1 0 0 1 0 0 0 0 1 0 1 0 1 0 0 1 1 1 1 1 0 1 1 0 0 1 0 0 0 1 1
41
1 0 0 0 0 1 1 0 1 0 1 1 0 0 0 1 1 0 0 1 1 1 0 0 0 0 1 1 1 0 1 1 1 1 0 0 1 1 0 0 1
7
1 1 0 0 0 0 1
10
0 1 1 1 1 1 0 1 0 0
61
0 1 0 1 1 0 0 0 0 1 0 0 0 0 1 0 0 0 1 0 0 1 0 1 1 0 0 1 0 1 1 1 0 1 0 0 0 0 1 1 1 1 1 0 0 0 0 1 1 0 1 0 1 0 1 1 0 1 1 1 0
38
1 0 0 0 1 0 1 1 0 0 0 1 0 1 0 0 1 1 0 1 0 0 0 0 1 1 1 0 1 1 1 1 0 1 1 0 0 0
77
0 0 1 0 0 0 0 0 0 0 1 1 0 0 0 0 0 1 1 1 0 0 0 1 1 0 1 0 1 0 0 1 0 1 0 0 0 0 0 0 1 0 0 0 0 0 0 1 0 0 0 1 1 1 1 1 1 1 0 1 0 1 0 0 0 1 0 0 0 1 1 0 0 1 0 1 0
96
0 0 0 0 1 1 0 0 1 0 0 1 1 1 1 0 0 1 0 1 1 1 0 1 0 1 0 0 0 0 1 1 0 1 0 1 1 1 0 0 0 0 0 1 0 0 0 1 1 0 0 1 0 1 1 1 0 1 1 1 1 0 1 1 1 0 0 1 0 1 1 1 1 1 1 0 1 1 0 1 1 0 1 1 1 1 0 1 0 0 0 1 1 1 1 1
91
1 1 0 1 1 0 0 1 0 0 0 0 0 0 0 1 1 0 0 1 1 1 1 0 1 0 1 0 1 1 0 1 0 0 1 0 1 1 1 0 0 1 1 0 0 1 0 1 1 1 0 0 0 0 1 0 0 1 0 0 1 1 0 1 1 0 1 0 0 1 1 1 0 0 0 1 1 1 1 1 1 1 1 0 0 0 0 0 1 0 0
20
0 1 0 1 1 1 1 0 1 0 1 1 1 1 1 1 1 1 1 0
53
1 1 0 0 1 0 1 0 0 0 0 1 0 0 0 0 1 0 1 0 1 1 0 1 0 0 1 1 1 0 1 0 1 0 1 1 0 1 0 1 0 1 1 1 0 0 1 1 1 1 1 1 0
95
1 1 0 0 0 0 0 1 1 0 1 1 0 1 1 0 0 0 1 1 1 0 0 1 0 0 1 1 0 0 1 0 0 0 0 0 0 0 1 0 1 0 1 0 1 0 0 1 0 1 0 0 1 0 1 0 0 1 1 1 1 0 0 0 0 0 1 0 1 1 1 1 0 0 0 0 0 0 1 0 1 1 0 1 1 1 0 0 0 0 1 1 1 0 0
39
0 0 0 1 1 1 1 1 0 1 0 0 1 0 0 1 0 0 1 0 1 1 0 1 1 1 0 1 0 1 0 0 0 0 0 1 0 0 1
52
0 1 1 1 1 1 1 0 1 0 0 0 1 0 1 1 1 1 1 0 1 1 0 0 1 0 1 1 1 0 0 0 0 0 1 1 1 0 0 1 1 0 0 1 1 0 0 1 0 1 1 1
39
0 1 0 0 0 1 0 0 0 0 1 1 0 0 1 0 1 0 1 0 1 1 1 1 0 1 0 1 0 1 0 0 1 0 0 0 0 0 1
20
1 0 0 0 0 0 0 1 0 0 0 0 1 0 0 1 1 0 0 0
78
1 1 1 0 1 0 1 1 0 1 1 1 1 1 1 1 0 0 0 1 1 0 0 0 1 0 0 1 0 0 0 1 1 0 1 0 0 1 1 1 1 1 1 1 0 0 1 0 0 0 1 1 1 1 1 0 1 1 1 1 1 0 0 0 0 0 1 0 1 0 0 1 0 1 0 0 1 0
65
1 0 1 0 1 0 1 0 0 1 1 1 1 0 0 0 1 0 0 0 0 0 1 0 1 0 0 1 1 0 0 1 0 1 0 1 1 0 1 0 0 1 0 1 0 1 0 1 1 0 0 0 0 1 1 0 0 1 0 1 1 0 0 1 1
55
0 1 1 0 0 1 1 1 0 1 0 1 0 1 1 0 1 1 1 0 0 0 0 1 0 1 0 1 0 0 0 1 0 1 1 0 1 0 0 0 0 0 0 1 0 0 1 0 0 1 0 0 1 0 1
32
1 0 1 0 1 0 1 1 0 0 0 0 0 1 0 1 0 0 1 0 0 0 0 1 0 1 1 1 1 0 1 0
9
1 1 1 1 1 0 1 0 1
99
0 0 0 1 1 0 0 1 1 1 1 0 0 1 0 1 1 0 1 1 0 1 0 1 1 0 0 0 1 1 0 1 1 1 1 0 1 0 0 0 1 1 0 1 0 1 1 1 0 0 1 0 0 1 1 1 0 0 0 0 0 0 1 1 1 1 1 0 0 0 0 1 1 0 0 1 1 0 0 0 0 1 1 1 1 0 1 0 0 1 0 0 0 1 1 0 1 1 1
34
0 1 1 1 1 1 0 1 0 1 1 1 0 0 0 1 1 1 0 0 0 1 1 1 0 0 0 1 1 1 1 0 1 0
70
0 0 0 0 0 1 0 1 0 0 0 1 1 1 0 0 0 0 0 0 1 0 0 1 0 0 1 1 1 1 1 1 1 1 0 0 1 0 1 1 0 1 0 0 1 1 1 1 0 1 1 1 1 0 1 1 1 0 0 1 0 1 0 0 1 1 1 1 1 0
10
0 1 0 1 0 1 0 1 0 1
52
0 1 0 1 0 1 0 1 1 1 1 1 1 0 0 1 1 0 1 0 0 1 0 1 1 0 0 1 1 0 0 1 0 0 0 0 0 1 0 0 0 1 1 0 1 0 1 0 0 1 0 1
18
0 0 0 1 1 0 1 1 1 1 1 0 0 0 0 1 0 0
53
1 1 0 1 1 1 0 0 1 0 1 1 1 0 1 0 0 1 0 0 0 1 0 0 1 1 1 0 1 1 0 1 1 1 1 0 1 1 0 1 0 0 1 0 1 1 0 1 0 0 1 0 0
68
0 0 0 1 0 1 1 0 1 0 1 1 0 0 0 0 1 0 0 1 0 0 0 1 1 0 1 1 1 1 1 0 1 0 0 0 1 1 0 0 0 0 0 0 1 1 0 1 1 1 1 1 1 1 0 1 1 1 1 0 1 1 0 0 0 1 1 0
70
1 1 0 1 1 1 1 0 1 0 1 0 0 0 0 0 1 0 0 1 0 0 0 0 1 0 1 1 0 1 0 1 1 0 1 1 0 0 0 1 1 1 0 1 1 0 0 1 1 1 0 1 0 1 1 0 1 0 0 0 1 1 1 1 0 0 0 0 1 1
26
0 1 0 1 0 0 0 1 1 0 0 1 1 0 1 0 0 1 1 1 1 0 1 1 1 0
19
1 0 1 1 1 1 0 1 1 0 0 0 0 1 1 1 0 0 0
18
0 1 1 0 1 0 0 0 0 1 1 1 1 1 1 1 1 0
53
1 0 0 1 1 0 0 0 0 0 1 1 1 0 1 0 1 0 1 1 0 1 1 1 1 0 1 0 0 0 0 0 1 1 0 0 0 0 0 1 1 0 1 1 1 0 0 1 0 0 1 0 0
57
1 1 1 1 0 1 1 1 1 1 1 0 0 1 1 0 0 0 1 0 0 1 1 0 0 1 1 1 0 1 0 0 1 0 1 0 1 1 1 0 1 0 1 1 0 0 0 1 0 1 0 0 0 1 0 1 1
78
1 0 0 0 1 1 1 1 0 0 0 0 1 0 1 1 0 0 1 0 0 1 1 1 0 0 1 0 1 1 0 0 0 1 1 0 0 1 0 0 0 1 0 0 0 0 1 1 1 0 0 1 1 0 1 0 0 1 1 0 1 1 1 0 1 1 1 1 0 1 0 1 1 1 0 1 0 0
7
0 1 1 0 1 1 0
20
1 1 0 1 0 0 0 1 1 1 0 0 1 1 1 0 1 1 0 0
13
1 0 0 0 0 0 0 0 0 0 1 1 0
100
1 0 0 0 0 0 1 1 1 0 1 1 1 1 1 0 1 1 1 0 1 1 0 1 1 0 1 0 0 0 0 1 1 1 1 0 1 0 0 0 1 0 0 0 1 0 0 0 0 1 1 1 0 0 1 1 0 1 1 0 0 0 0 0 1 0 1 1 1 0 0 1 1 1 0 0 0 1 0 0 0 1 1 1 1 0 0 1 0 1 0 0 0 0 1 1 1 0 1 1
74
0 0 1 0 0 0 1 0 1 0 1 0 1 1 1 1 1 1 0 0 0 0 1 0 1 1 1 0 0 0 0 1 1 0 1 0 1 0 1 1 0 1 1 0 0 1 1 1 0 0 0 0 0 1 0 0 1 1 1 0 0 1 0 1 0 0 0 0 1 0 1 1 0 0
78
0 0 1 1 1 0 1 1 0 0 0 1 1 1 1 0 0 1 0 0 1 1 0 1 0 0 1 1 0 0 0 1 0 0 1 0 1 0 0 1 1 0 0 0 1 1 0 1 0 0 1 0 1 0 0 0 0 1 0 0 1 0 1 1 1 1 0 0 1 0 0 1 1 0 1 1 0 1
19
0 0 0 1 0 1 0 0 0 0 0 1 0 0 1 0 1 1 0
45
0 1 0 1 1 0 1 0 1 1 0 0 0 1 1 1 0 1 1 0 1 0 0 0 0 1 0 0 0 0 0 0 1 0 0 1 1 1 1 1 1 1 0 1 0
59
1 1 1 0 1 1 0 0 0 1 0 0 0 1 1 0 0 1 1 1 1 1 1 1 1 1 1 0 0 0 1 1 1 0 1 0 1 0 0 0 1 1 0 1 0 1 0 0 0 1 1 0 0 1 1 1 1 1 0
18
1 0 0 0 1 0 1 0 0 1 1 1 1 0 0 0 0 0
