1000 2000
288 994
204 169
160 567
486 350
846 131
876 704
492 629
668 430
438 858
231 629
196 595
721 860
35 686
840 633
951 810
609 185
590 686
262 566
660 895
170 14
844 465
225 850
872 437
191 534
155 934
170 460
802 606
593 702
312 270
902 205
607 874
394 167
900 363
521 364
401 21
182 951
205 185
532 933
970 685
669 767
844 802
60 128
213 363
396 281
258 640
310 355
141 638
836 804
397 926
146 877
59 375
311 391
202 543
582 786
349 302
530 266
230 815
55 702
911 144
224 559
171 176
746 49
789 58
331 864
587 962
365 914
377 880
768 468
205 500
683 865
527 179
238 397
979 999
629 634
228 691
284 899
531 637
251 564
929 729
732 439
166 635
535 99
456 803
886 394
376 793
506 768
515 622
118 500
257 324
43 189
767 954
483 213
946 7
296 99
332 484
676 325
762 102
313 329
273 730
935 345
822 491
152 612
683 767
777 580
978 776
332 509
341 618
437 772
303 878
229 684
959 684
240 194
802 259
419 694
432 827
478 267
647 57
803 990
988 632
240 906
86 174
126 593
74 53
393 237
717 158
897 534
497 476
477 628
557 279
916 614
739 972
687 128
707 374
229 145
936 910
309 813
566 540
583 301
318 32
673 906
681 17
337 929
503 127
917 129
130 193
26 482
436 942
610 273
171 223
625 642
619 670
486 53
406 883
756 643
701 715
274 117
753 76
109 289
349 18
31 210
894 833
31 921
525 786
11 773
8 79
977 319
23 474
801 84
900 118
720 809
903 648
541 457
842 854
891 4
43 83
411 954
473 745
848 943
223 985
163 772
982 292
51 602
699 466
91 621
470 907
50 604
54 393
789 802
700 378
817 41
598 726
46 465
361 637
863 808
984 454
196 508
388 383
675 732
422 322
736 109
525 735
474 482
405 30
696 527
903 402
57 737
94 708
3 289
257 417
198 267
791 351
435 855
691 657
384 571
872 756
797 470
64 860
85 183
499 87
758 611
445 174
683 503
254 163
924 213
615 889
62 558
565 248
725 997
898 750
552 94
216 565
668 112
125 966
379 108
619 656
397 785
455 232
895 975
410 476
52 238
669 416
144 917
356 222
449 309
490 805
136 340
969 722
30 763
948 355
255 185
384 644
559 356
680 444
660 592
251 249
316 834
712 437
396 183
922 392
147 871
301 492
466 499
459 111
840 862
504 170
644 455
218 575
62 664
956 794
596 252
31 712
641 607
979 96
11 977
473 457
518 988
400 228
309 178
855 717
226 28
860 742
40 920
748 72
935 658
470 564
725 460
162 708
132 145
887 685
391 459
366 595
222 301
687 816
961 618
275 24
152 494
722 211
240 269
742 276
985 209
917 117
359 759
72 344
670 288
320 864
672 539
237 236
597 983
714 868
501 638
803 766
6 11
893 815
726 676
465 437
584 963
810 547
641 445
794 333
424 379
593 496
8 850
522 850
168 559
516 440
836 25
117 636
926 894
268 7
871 201
648 383
267 481
631 861
755 116
44 273
374 683
916 966
878 674
894 800
232 341
24 102
224 310
489 434
343 309
296 593
837 197
1 881
160 33
110 754
580 566
604 882
876 846
203 470
506 258
37 845
748 253
894 355
271 144
181 332
896 101
829 66
802 909
755 351
431 412
275 87
591 292
899 792
742 395
694 454
924 609
29 242
276 135
426 890
263 718
440 753
409 349
178 516
447 388
228 54
731 441
584 241
972 537
445 314
125 339
241 532
442 521
572 883
222 160
883 154
314 881
225 972
546 321
483 36
527 483
142 210
633 309
290 768
27 489
946 735
440 56
305 485
457 730
766 700
961 916
480 742
590 266
798 786
143 8
988 560
873 647
825 819
270 311
67 207
94 861
797 103
488 639
947 257
404 380
212 244
815 417
263 496
821 672
114 42
974 888
600 58
764 345
453 497
505 863
54 717
190 159
745 768
473 763
820 513
754 436
990 833
939 845
658 932
152 407
641 267
109 135
325 865
355 963
973 32
390 212
510 39
618 912
825 722
436 601
583 584
87 832
482 129
244 952
673 1
753 367
965 603
877 185
697 757
432 926
888 452
881 522
577 186
903 832
49 777
47 902
843 427
188 698
690 148
90 717
418 898
846 297
411 253
244 258
726 166
272 643
433 650
712 944
579 234
479 739
938 358
104 830
554 389
24 492
772 590
33 142
269 810
325 428
869 497
233 909
426 483
393 960
725 971
306 195
564 166
895 844
684 47
853 724
907 660
996 603
461 592
612 234
593 653
423 552
543 9
821 551
392 702
478 107
642 97
259 83
707 384
71 89
644 96
67 97
43 554
45 417
786 39
601 803
998 732
374 40
744 376
465 147
572 469
254 984
525 373
862 754
25 718
282 870
485 898
7 713
294 262
904 174
658 307
498 578
365 671
781 495
490 918
863 883
512 849
283 993
146 648
885 202
908 794
631 416
188 853
980 586
61 512
407 901
25 556
854 215
771 433
153 861
376 61
325 253
970 35
394 797
673 839
736 816
881 181
360 852
693 858
445 498
759 59
714 579
872 541
708 150
703 82
19 340
812 783
207 982
56 569
607 939
305 731
179 764
939 748
611 595
940 490
979 371
491 291
892 541
63 28
88 695
589 53
832 886
146 163
85 805
578 474
141 823
461 704
914 232
3 171
665 444
180 622
70 956
209 635
822 926
328 405
679 274
641 211
879 110
789 260
389 182
153 81
998 718
399 260
392 312
859 589
723 352
182 56
257 839
75 544
284 381
159 542
249 202
17 279
458 305
294 18
414 361
117 438
177 42
31 157
720 737
864 411
753 400
110 858
144 581
752 780
542 428
323 128
214 492
564 22
155 259
301 708
824 43
906 120
547 302
603 550
534 391
434 221
710 667
272 872
141 815
942 459
721 321
278 717
508 876
819 566
686 754
401 97
736 633
574 798
913 687
608 51
143 169
89 897
718 696
618 742
704 826
459 511
685 81
929 736
987 386
679 28
154 867
564 152
411 420
525 731
33 439
860 240
60 820
363 908
100 150
622 290
537 911
70 426
162 614
174 920
80 93
585 130
101 670
890 192
344 784
534 863
990 669
997 911
267 626
27 305
572 53
492 765
504 184
771 149
891 894
90 295
329 510
124 753
888 595
533 920
378 801
259 93
266 403
8 532
697 363
815 97
348 582
403 80
439 710
229 57
322 624
674 93
877 565
593 423
170 160
434 871
903 374
812 29
387 204
529 539
622 275
699 815
603 179
325 720
950 842
404 418
738 261
798 729
296 391
55 886
242 510
58 450
594 76
996 206
625 545
13 55
303 46
341 883
510 1000
725 790
776 682
336 51
43 981
24 867
411 557
948 180
437 138
254 370
464 362
708 419
834 787
154 908
700 145
598 485
454 484
497 935
649 427
49 217
478 976
960 538
390 584
743 655
419 182
258 628
361 134
743 838
362 851
12 245
206 380
380 433
654 514
831 450
196 787
835 566
847 824
649 74
668 354
147 435
628 743
860 452
17 724
755 967
736 175
263 292
271 472
844 706
697 522
76 840
205 735
160 449
889 451
69 126
620 398
256 199
296 422
437 915
747 575
61 365
195 636
811 513
77 176
553 375
763 121
914 507
561 326
199 395
967 420
312 351
919 869
66 25
880 132
336 562
200 546
511 184
582 799
116 856
187 589
2 767
763 807
497 222
987 705
486 695
39 37
464 486
683 12
655 78
49 913
721 196
251 653
719 535
328 69
7 476
276 28
580 582
413 423
605 382
449 715
814 508
489 599
794 85
446 81
650 609
636 321
467 86
433 420
605 76
523 142
175 238
199 384
796 48
3 568
16 956
294 471
166 654
977 560
215 380
305 162
100 458
496 219
58 970
883 97
209 952
792 898
282 731
690 895
363 915
740 34
925 768
648 8
682 205
140 535
808 886
346 666
546 155
524 611
357 72
653 45
239 21
651 462
784 836
828 435
756 710
940 593
617 991
699 12
284 861
565 457
642 659
400 418
700 729
325 235
631 570
593 554
410 856
878 838
488 354
115 97
968 648
368 847
485 198
567 507
151 409
215 936
243 381
155 567
560 576
555 239
657 400
191 912
348 123
121 449
761 329
816 647
665 23
558 589
52 696
779 875
304 415
771 751
584 63
370 492
630 353
698 519
705 435
769 117
867 57
745 711
472 866
795 688
185 741
588 868
990 225
290 494
37 483
367 478
632 676
857 891
372 504
406 287
764 250
632 529
157 882
982 813
176 950
138 239
337 427
164 907
458 744
173 929
68 932
929 597
504 128
315 772
572 993
659 917
978 954
280 300
402 99
83 985
275 674
931 215
68 590
483 817
95 980
356 878
480 217
59 35
618 331
321 996
835 882
929 82
495 710
370 173
340 195
876 644
127 781
226 564
662 287
550 244
249 457
264 798
634 302
275 206
159 271
35 727
897 902
624 15
749 877
59 493
951 253
93 301
216 846
668 156
941 593
420 835
974 904
183 565
880 854
401 115
548 83
148 567
220 189
92 450
4 440
504 598
917 136
499 702
564 21
345 59
181 361
164 226
804 969
37 976
594 3
656 527
37 230
943 56
113 91
350 415
15 587
809 7
872 316
490 120
163 233
733 861
960 912
832 773
417 574
644 199
569 398
999 398
687 919
569 990
930 136
59 956
880 906
274 700
785 734
871 433
734 726
607 958
333 182
291 845
41 22
27 861
401 312
677 764
451 419
966 389
721 336
624 659
186 601
171 794
995 746
143 466
345 629
390 356
143 390
156 497
380 900
912 673
853 807
78 315
969 283
269 845
156 322
848 660
470 230
482 505
155 25
238 5
228 967
920 48
749 796
4 780
870 858
48 673
772 546
329 696
692 517
856 841
869 937
693 421
950 364
224 514
619 488
681 213
581 831
828 616
531 488
320 931
733 11
897 522
545 354
358 980
427 720
567 960
884 540
19 816
320 706
394 824
775 406
992 69
516 404
583 480
472 311
854 413
8 714
989 488
897 906
427 731
385 341
150 931
642 473
953 467
988 909
888 438
359 61
346 279
34 740
31 944
480 660
129 485
570 189
131 325
755 422
969 309
360 500
826 744
122 739
13 201
57 278
362 74
448 799
994 589
305 637
80 950
148 78
446 951
352 283
894 25
579 329
862 559
851 47
995 730
327 941
762 895
49 851
844 463
381 173
398 544
363 679
144 809
210 943
915 653
423 404
366 428
376 48
401 165
147 360
675 328
366 165
962 771
479 875
22 228
446 254
56 699
36 656
837 690
42 818
671 881
508 695
745 479
730 128
153 822
122 811
80 995
556 319
710 692
496 820
887 293
296 765
379 450
197 648
825 389
411 343
252 796
828 716
228 538
960 131
929 258
620 51
68 242
512 696
460 94
155 303
507 897
807 108
808 474
534 511
683 373
244 740
741 68
575 256
725 158
369 902
654 152
381 521
527 32
590 422
471 971
982 999
706 653
581 529
957 984
81 385
519 918
528 825
457 374
760 21
696 834
975 643
361 492
355 868
126 918
779 438
382 862
284 925
83 85
169 57
131 791
727 583
664 659
230 887
209 14
924 729
665 394
355 934
830 450
157 732
613 199
849 722
805 885
497 254
262 6
715 700
645 462
685 737
848 529
629 738
902 822
488 933
690 397
863 764
401 480
425 647
622 519
755 971
2 649
12 640
178 72
950 991
652 357
70 522
983 408
611 718
636 943
617 657
557 178
655 818
150 551
711 697
737 966
809 222
379 717
475 721
718 933
419 927
137 185
213 10
84 233
304 292
412 587
14 708
284 300
700 643
208 759
162 281
970 15
480 669
394 292
8 489
19 896
197 815
899 701
348 886
537 633
739 679
313 113
986 780
103 477
703 630
356 717
553 641
105 893
295 420
509 207
802 409
135 852
601 702
729 54
36 965
179 826
850 132
40 157
592 573
129 417
602 464
207 389
576 583
393 776
304 160
11 83
632 510
672 759
716 943
212 915
938 714
609 628
658 78
119 586
910 875
109 87
417 399
746 246
269 312
622 516
573 582
192 562
349 875
185 745
804 49
378 729
204 214
29 878
614 748
727 353
417 382
829 814
883 907
832 9
776 375
940 222
626 579
632 442
609 720
799 727
543 776
639 201
597 47
392 277
308 482
657 128
989 843
328 817
80 927
267 265
337 562
166 691
673 2
550 423
140 451
453 455
156 455
473 670
686 676
164 990
642 470
947 504
853 781
94 856
74 133
199 186
934 560
750 102
73 383
912 443
830 871
745 437
832 604
792 376
481 792
275 658
764 428
60 571
295 728
610 302
375 156
955 906
676 854
173 307
279 824
17 643
769 41
918 546
942 310
372 915
175 923
324 97
736 47
245 415
173 254
885 489
425 48
884 459
73 336
249 101
942 718
382 240
747 338
850 239
631 720
929 38
267 93
707 306
17 719
206 673
644 960
809 859
827 303
587 273
47 649
4 794
806 2
446 199
365 418
175 499
814 726
302 793
185 798
864 965
916 769
971 920
971 554
678 814
206 166
908 75
889 122
911 129
217 713
266 51
885 802
12 81
276 38
432 769
992 613
791 901
605 856
183 624
179 559
587 234
984 922
988 507
429 339
39 503
152 135
628 325
719 425
355 603
370 657
463 833
788 409
437 134
34 755
363 913
154 31
261 177
526 350
911 59
548 311
300 491
797 772
729 172
127 711
290 185
994 656
135 452
42 655
542 325
574 229
98 149
176 628
11 917
509 894
962 322
425 68
708 810
821 886
551 236
627 169
417 797
878 873
96 738
749 716
602 648
49 789
805 597
66 505
188 839
622 939
917 560
26 866
43 164
766 504
179 920
38 166
976 362
532 47
203 546
997 946
90 330
287 697
617 119
420 3
157 341
109 271
516 976
796 248
429 332
240 55
55 541
367 743
32 716
579 525
550 65
769 887
578 307
856 601
864 615
897 50
352 45
335 55
22 654
35 326
959 176
559 330
756 796
910 728
171 91
82 36
700 12
449 354
125 305
682 441
792 165
69 420
139 882
423 517
507 666
636 800
888 972
210 311
830 131
439 627
790 551
558 488
712 519
476 736
269 736
670 962
614 810
968 87
90 560
763 902
745 313
867 562
165 500
617 158
416 264
15 426
734 873
517 655
307 837
603 654
802 318
600 155
660 239
107 409
851 659
134 216
638 56
403 432
5 843
938 369
410 628
869 845
213 733
686 169
205 927
153 318
345 445
18 694
220 455
351 109
118 880
155 297
916 576
35 175
514 261
446 20
213 223
315 953
160 958
151 919
931 650
232 812
613 200
285 974
671 641
915 19
881 856
173 487
656 408
463 783
746 703
13 867
932 901
341 82
81 910
411 908
693 783
393 674
589 430
573 875
809 724
601 861
24 448
805 847
267 287
838 529
481 85
139 110
206 796
42 383
527 387
259 528
93 274
194 784
29 926
313 658
838 414
748 739
284 656
716 484
664 179
227 948
250 382
211 237
546 770
802 509
41 816
976 810
269 33
502 472
828 442
542 87
589 645
548 977
118 550
98 941
548 607
560 181
500 809
326 489
966 92
594 612
517 448
76 797
967 142
355 815
617 840
679 150
705 230
559 639
593 641
944 422
804 641
215 292
982 33
745 737
664 680
913 879
855 137
416 854
75 467
280 486
117 531
93 650
91 273
240 653
39 172
198 92
627 584
932 184
137 556
849 65
690 162
536 398
575 527
176 739
385 459
644 646
933 550
934 504
893 440
162 988
974 301
399 651
341 677
564 838
527 630
436 361
25 87
831 430
269 273
825 606
706 984
76 171
539 829
573 193
353 311
221 92
719 241
555 662
376 467
28 782
66 964
515 500
889 717
900 840
153 470
640 598
544 538
831 987
446 757
117 732
602 358
858 11
463 705
376 228
361 516
932 628
473 971
576 701
161 113
474 917
370 278
582 494
545 838
255 243
276 817
736 836
170 36
685 357
725 346
612 221
795 653
531 109
303 626
238 563
612 460
421 291
506 272
46 584
982 810
434 435
141 447
851 932
483 151
299 711
45 766
508 354
170 887
338 312
97 549
620 205
99 360
238 28
839 518
437 790
515 718
740 242
363 144
973 514
230 524
863 596
951 66
797 223
306 635
436 945
195 901
2 663
164 267
348 857
810 472
895 533
940 469
506 809
79 562
953 691
252 657
410 851
78 536
623 413
883 404
303 602
619 989
327 376
146 387
311 438
941 734
27 171
315 372
603 358
988 631
35 242
788 692
904 82
380 191
819 488
271 540
990 149
641 460
605 755
932 341
361 424
725 738
619 912
476 593
754 142
913 532
423 829
586 370
175 579
331 232
714 193
667 399
629 311
673 577
209 310
142 889
653 446
469 387
662 402
897 476
198 282
156 808
875 822
651 251
375 664
779 16
954 797
326 984
343 557
988 69
949 496
761 515
659 893
631 276
849 893
509 734
862 690
298 923
613 893
852 612
778 422
173 474
574 289
838 736
214 458
248 799
179 52
105 189
428 805
148 35
300 783
16 440
613 552
985 695
664 869
80 559
941 48
241 655
915 199
261 948
323 395
775 851
627 930
471 954
710 821
503 824
230 537
446 923
570 383
979 893
995 974
236 76
766 946
903 189
78 522
1000 435
555 123
714 824
886 370
581 170
999 90
685 188
642 349
799 616
254 59
826 514
963 484
428 799
523 428
519 127
548 638
671 446
590 211
9 268
62 250
102 132
357 828
947 334
403 693
538 934
716 667
671 85
656 440
23 728
164 406
487 88
699 163
480 499
226 2
80 254
628 354
359 715
979 852
650 437
807 714
621 980
810 880
508 980
293 513
473 502
872 223
663 386
149 406
821 556
525 637
351 835
97 70
751 315
316 749
282 574
213 670
142 878
704 58
767 158
505 882
490 383
761 441
979 752
582 693
634 418
839 640
215 23
142 135
483 919
70 807
249 291
726 52
388 67
115 231
268 318
891 777
139 438
259 56
319 268
477 928
167 731
684 317
847 411
423 780
42 453
140 357
633 910
76 737
256 275
174 749
852 123
460 314
285 744
269 182
866 983