99
875531661755899272 -345229009927730311
-6151884123550 -335293841271440705
667603699372339441 -691216449553890977
61953871018 578854594344415688
-298102930588512036 176271255059019112
-7346836937207970 -17836583840232480
-591861421040457708 -616283632505725002
410557384730134025 -653423983407636265
590563539557993848 -5454594939992
84603745280 -466569178439329280
-72713999889722400 131278187274006707
499557419348409002 -4037828808692
-925278004263504900 1598463721903220
411824136749705340 516612210
149210690668017450 69815410685466560
-81087085975290294 -773226135712463267
975926863465728649 -24734
-603151541228856933 402101027485904622
-6283437353781 675714869654645909
4573667589700 249276895346375870
-569364777119018370 983605939577786
-3054978 -404354964048868001
831244720958736795 133400513764800
384555201030854880 35429167211722752
-952274594492252880 190454918898450576
1070018807459 -574554290687103293
-61555681760715175 -2853087
-843518181865113520 841405160367455420
18189937282990 991399353696025529
-607913528561428142 976964398413165710
-203195108899385856 -17846496390159360
19216382532921 -574323627819613140
-876829582800541664 874633115909758744
0 641608549157539944
2509677270072 310495555863017532
-283429456435207526 -998416096474820269
-569649316161556560 -179160
885579418753151790 0
10506 -134524452935250084
-16524 -996524154858028248
771974830645907648 -97775916344906
998416096474820269 -283429456435207526
-1539197187693971 -993754379321640894
-1874764940730 -102179612917619283
200276209255398834 299954602545219726
-47277 605360038208625378
-283429456435207526 -998416096474820269
1544645408885776 894125028703747920
31518 -403573358805750252
396519861 -385713240649991463
-471249240869014116 452558256
709939690086 258467214788026178
215096114099775777 398065685133243657
984805283197083072 -405638428039681308
69353309571240100 238575384925065944
-230459078337083649 -178471791340429685
-2001779151350 -109102220970624085
10810607139860 589206480746981206
288434697176419052 223526189427263058
67002199015279976 28715228149405704
-283429456435207526 -998416096474820269
47277 -605360038208625378
-15431746897930 -841070733944479403
-740388899740059760 738534218127484460
-48051301387534140 83011010425292
105 911043556425155055
68289 -874408944079125546
-248919917150718960 430021523683888
-234771239027884735 -160234993613131865
-606340196060073300 230354962401371220
580098621900090624 661425851768861952
1518629206555096 879065431516027320
152790743761373417 -758101730015119980
-436447286561416973 -372029518715506669
496694509717425950 -354781792655304250
-4544412445650 -247682413163604615
57783 -739884491143875462
307736278392430128 518422323306736384
-78148039385402400 135004620578720
215668307466720208 -14259260377719376
-352542510118038224 -596205861177024072
-2754 -166087359143004708
31518 -403573358805750252
796131370266487314 -430192228199551554
138223730764800 -651600
261390947897185771 -86204913522
281046584576022876 26073979412126256
-384664960815091520 374861232541200
-709727650764770925 -898035366375
1161610225710 63310808008805241
-495926962078164399 165308987359388133
-845344911810950334 -749802181016123928
79932070083252132 117204760809264033
-15182089809111675 35424876221260575
161380414416 -889973926344264216
-10777988117132316 103762076188779596
-1260483001614 121804113841298816
-578476360900921375 -7576852687
379856648804902876 -370175467134435