521
322
8
7
86
8
199
224
410
311
90
310
15
6
460
146
130
5
187
33
164
146
95
19
153
229
177
371
238
395
336
58
187
143
69
109
222
143
245
10
15
101
101
8
37
4
172
243
378
285
152
2
290
35
47
215
67
330
269
240
224
27
2
175
345
114
244
72
415
298
175
148
165
95
268
11
56
52
12
159
275
403
38
26
6
154
31
215
420
130
272
160
105
214
33
50
167
233
44
36
69
123
427
57
43
142
424
1
281
431
190
184
18
377
263
68
281
137
34
112
43
476
375
2
162
64
448
55
276
192
49
15
172
197
343
140
172
123
226
93
180
314
48
113
311
1
62
72
256
361
125
204
29
112
183
52
315
158
291
162
11
204
139
176
13
339
24
207
99
89
182
233
33
182
89
70
153
21
70
104
322
167
289
64
271
270
332
233
364
220
215
139
354
167
66
237
126
153
273
108
128
290
211
15
207
274
135
484
48
162
452
44
206
221
114
195
376
20
91
74
31
231
221
89
290
352
310
180
316
36
31
103
172
64
77
43
410
161
170
102
70
220
289
141
92
55
107
158
65
61
407
155
175
70
125
208
105
40
262
100
150
139
294
233
12
246
279
319
156
12
21
71
120
23
