522 575
426 445 772 81 447 629 497 202 775 325 982 784 417 156 932 902 728 537 857 739 918 211 679 506 340 568 868 16 940 263 593 449 991 310 355 68 431 580 757 218 934 328 676 355 221 80 922 545 511 67 467 674 691 504 835 34 965 980 221 895 501 152 325 731 302 153 896 22 489 399 607 466 432 502 968 333 475 792 84 10 694 328 354 712 409 480 643 121 951 492 420 197 607 925 167 717 438 200 986 104 483 620 806 881 858 559 553 502 554 962 325 435 279 464 327 549 832 595 200 720 658 639 992 130 467 989 958 581 600 466 473 929 775 581 770 455 718 628 807 335 898 552 530 811 569 148 384 954 913 114 315 686 334 382 392 326 8 553 962 957 850 231 61 185 588 305 980 564 890 52 747 943 740 593 469 370 516 443 7 525 299 412 163 699 571 976 455 217 590 343 427 220 342 584 239 496 875 601 258 449 377 40 428 238 455 517 653 433 768 957 307 456 878 977 368 999 882 541 826 764 269 401 98 698 763 515 413 495 523 571 206 357 904 310 410 844 611 484 410 559 262 394 949 107 546 737 987 979 306 685 291 542 542 134 94 751 89 898 729 212 964 297 823 720 297 280 917 338 176 183 965 740 541 555 3 316 256 13 611 974 931 24 609 176 304 151 199 876 825 893 939 737 374 323 846 819 154 157 814 343 886 197 100 856 709 879 479 461 14 123 744 400 94 447 20 152 963 674 829 984 930 322 665 646 385 191 353 605 110 453 356 243 694 854 297 75 831 974 720 837 695 845 154 673 306 865 524 952 231 329 353 331 692 27 413 81 438 63 858 358 266 801 95 374 807 51 868 478 809 304 7 308 992 499 650 706 399 822 698 15 381 267 282 237 119 111 926 444 788 826 944 702 888 944 655 521 489 946 131 616 445 654 434 522 850 683 542 226 741 486 101 661 532 961 568 903 276 758 772 766 259 224 836 741 54 18 325 395 949 925 56 850 378 711 83 184 790 559 945 345 268 322 501 555 772 785 675 312 665 321 920 696 516 857 149 948 807 535 591 284 82 268 898 674 841 939 593 717 3 334 768 471 965 121 83 103 366 149 732 776 488 238 64 736 773 70 122 274 632 560 455 748 880 61 889 954 320 34 733 345 90 640 212 717 135 211 37 483 144 668 778 256 345 127 398 808 328 758 566 591 371 76
2 1 522
1 63 470 370
1 407 435 125
1 57 429 166
2 162 484
1 39 47 748
2 58 65
2 264 270
1 251 489 838
2 348 433
1 445 488 442
1 346 359 923
1 20 339 903
1 341 394 777
1 155 199 404
1 360 515 747
2 447 454
1 54 154 420
1 19 117 897
1 209 478 487
2 81 280
2 270 493
1 217 333 789
1 234 243 899
1 234 431 920
1 31 509 727
1 20 151 500
1 136 434 266
2 32 442
1 102 425 626
1 284 384 517
1 129 272 801
2 12 323
2 132 221
1 409 458 557
2 57 367
1 139 309 268
2 72 86
2 348 353
2 38 498
2 303 448
2 214 344
2 105 109
1 168 447 802
2 330 516
2 227 260
1 378 390 419
1 45 487 615
1 206 314 246
1 75 113 788
2 353 516
1 81 234 930
1 33 362 657
1 93 305 151
1 340 449 546
1 49 496 433
1 260 353 147
1 46 147 310
1 37 196 305
2 300 445
1 14 318 688
2 113 207
2 231 249
1 327 332 216
1 131 270 437
2 133 286
2 92 321
2 168 345
2 14 385
2 160 398
2 76 471
2 12 348
1 337 368 638
2 404 461
2 183 370
2 87 229
1 68 234 361
1 260 496 952
2 11 79
2 259 367
1 235 475 974
1 348 428 809
1 83 229 610
1 452 505 567
2 140 362
1 76 324 300
1 156 506 582
1 85 221 620
1 159 267 240
2 260 402
1 23 339 533
2 243 488
2 124 133
2 404 418
1 27 248 882
2 100 200
1 170 301 327
1 101 189 859
1 177 399 970
2 215 316
2 172 179
1 22 119 743
1 469 481 940
2 255 291
1 312 391 471
1 92 254 593
2 434 437
2 339 510
2 10 253
1 84 452 365
1 358 510 175
2 124 502
1 55 76 816
2 61 346
2 291 442
1 384 498 874
1 128 191 607
2 304 305
1 139 295 613
2 207 497
1 56 469 542
1 65 204 719
2 163 197
1 127 205 40
1 71 340 773
2 227 274
1 32 115 952
2 275 489
1 333 518 318
2 121 187
1 371 515 346
2 84 414
1 45 73 851
2 86 355
1 227 500 436
2 203 443
1 75 160 215
1 481 483 141
1 81 99 15
1 326 499 835
2 253 476
1 138 196 545
1 220 273 214
2 201 227
1 100 426 933
1 209 470 978
1 138 296 797
2 122 123
2 131 306
1 337 460 144
1 79 282 232
2 132 477
1 68 132 62
1 112 293 291
1 192 457 643
1 40 115 973
2 328 441
1 90 92 302
2 225 469
2 95 166
1 1 292 864
1 160 518 550
2 106 521
2 24 322
2 7 181
2 331 478
1 460 499 822
1 78 410 926
2 38 202
2 56 150
1 33 144 834
2 25 293
1 86 107 377
1 93 391 592
1 249 330 264
2 334 344
2 10 65
1 219 279 334
1 59 248 222
1 35 403 762
2 373 424
1 202 361 387
2 278 289
2 325 483
1 62 436 979
1 450 473 841
2 58 333
1 97 471 723
1 10 440 539
1 175 407 124
2 118 522
1 206 342 545
1 193 493 879
2 360 397
1 437 491 717
2 26 51
1 52 298 396
1 198 228 562
1 261 504 736
2 64 69
2 205 359
2 163 194
2 143 359
1 212 436 785
1 89 491 114
1 44 409 680
1 246 430 656
1 190 359 742
2 29 450
1 89 463 286
2 308 437
1 373 443 535
1 493 513 807
2 39 312
1 151 255 548
2 30 190
1 111 204 224
1 251 267 620
1 224 270 376
1 202 253 235
2 119 224
2 92 307
1 17 210 849
2 347 379
2 398 447
2 29 196
2 180 413
1 241 260 757
2 207 250
2 59 94
1 68 473 461
1 304 352 702
2 410 478
1 168 519 236
2 200 323
1 1 81 136
2 21 449
1 96 519 113
2 461 517
2 106 148
2 324 465
1 365 374 921
2 78 503
2 91 91
1 134 304 647
2 161 443
1 157 363 656
1 465 482 888
1 104 123 498
1 353 405 747
2 17 449
1 228 294 599
2 304 493
2 26 210
2 138 155
1 459 519 24
2 69 447
1 269 334 253
2 141 405
2 58 125
1 117 300 613
1 94 392 371
2 217 498
1 124 237 855
2 127 265
2 191 224
2 198 310
1 92 225 995
2 415 457
2 11 488
2 124 500
2 107 108
1 135 491 693
2 27 189
2 160 224
1 315 441 649
1 93 228 78
2 59 508
2 65 119
1 138 437 36
2 202 478
2 57 249
2 422 470
2 231 245
2 11 183
2 233 430
1 330 470 273
1 431 513 231
2 153 497
1 163 501 507
2 378 517
1 96 319 953
1 503 507 246
1 19 176 500
1 311 362 408
1 211 380 748
2 206 378
2 101 224
2 108 335
2 248 341
2 296 475
1 387 423 331
2 58 373
2 235 283
1 220 317 638
2 80 193
2 43 355
1 9 106 872
1 61 343 499
2 162 162
2 334 395
1 294 507 172
1 63 296 633
2 396 467
2 145 402
2 45 407
2 310 434
2 28 232
2 149 178
1 61 291 431
2 321 432
1 337 417 734
1 166 353 967
1 3 77 1000
2 311 493
2 426 477
1 265 306 960
2 203 518
1 384 418 496
1 271 320 40
1 408 423 762
1 323 398 833
2 75 233
2 89 381
1 75 220 435
1 124 207 418
2 353 514
2 417 427
2 249 453
1 18 503 65
1 150 521 9
1 36 444 507
2 264 402
1 56 415 310
1 42 377 67
2 3 179
1 8 160 434
1 177 485 552
2 224 236
1 479 484 472
2 85 425
2 303 326
2 172 380
1 171 507 112
1 171 324 979
1 167 416 571
1 299 483 429
1 150 237 11
2 310 408
2 37 125
1 64 325 542
1 140 264 784
1 317 392 940
1 429 477 795
2 30 212
2 193 426
2 354 386
1 275 475 99
2 209 391
1 260 396 690
1 477 491 774
2 330 418
2 105 174
2 346 498
1 2 288 535
2 205 225
1 298 451 124
2 323 392
2 328 431
2 90 413
2 314 480
1 20 461 369
1 124 267 1
1 362 508 41
2 145 435
1 68 393 545
1 144 394 723
1 354 356 633
1 241 501 251
2 194 258
1 6 80 584
1 113 420 605
1 129 152 295
2 112 384
2 54 325
1 312 330 482
2 59 392
2 247 480
2 127 492
1 77 425 117
1 16 401 595
2 54 275
2 182 397
1 1 31 289
1 26 257 488
1 1 487 238
2 242 381
2 110 465
2 32 199
1 38 476 428
2 408 473
1 348 413 352
1 33 137 124
2 267 503
2 186 312
2 146 300
1 254 454 104
1 160 175 250
2 123 397
1 12 263 131
2 286 393
1 420 498 100
1 114 143 382
2 171 300
1 45 173 593
1 284 300 515
1 108 386 481
1 101 165 410
2 21 312
1 355 401 240
2 290 500
1 55 327 234
2 25 39
2 110 318
1 157 384 567
2 39 314
1 216 237 866
1 353 386 212
1 442 463 508
2 225 360
2 8 493
2 316 363
2 179 341
2 10 463
1 52 403 201
2 266 309
2 249 455
2 100 322
1 379 432 409
2 131 245
1 275 478 368
1 53 358 39
2 163 359
1 318 323 602
1 307 496 677
2 55 432
1 251 412 80
1 141 185 178
2 420 439
1 281 308 817
2 318 408
2 93 166
1 193 351 449
2 478 508
2 140 372
2 298 518
1 5 301 891
2 213 302
1 396 513 36
1 32 209 789
2 61 352
2 169 522
2 124 435
1 127 206 600
2 167 348
2 147 464
1 1 59 636
2 6 41
2 485 515
2 25 127
2 295 466
2 250 314
2 50 126
2 246 289
2 84 495
2 356 516
1 48 139 448
2 18 188
1 12 157 419
2 220 322
1 252 414 103
1 155 249 141
1 450 490 633
1 36 163 732
2 404 473
2 74 295
1 277 343 434
1 307 308 439
2 41 331
1 88 186 44
2 43 184
1 304 313 903
2 422 513
1 52 370 987
1 150 450 27
2 30 84
1 148 364 648
1 295 431 733
1 138 228 321
2 402 508
2 212 370
1 344 465 507
1 181 307 236
1 155 465 550
1 353 441 918
1 241 358 574
1 391 451 563
1 108 521 752
2 113 178
1 206 330 843
1 431 473 527
2 102 162
2 77 485
2 5 159
1 361 407 12
1 184 243 570
1 115 281 52
2 56 231
2 112 182
1 275 514 626
2 110 235
2 142 351
1 67 237 393
1 261 495 488
2 138 243
2 347 386
1 459 461 410
1 403 480 377
1 428 522 525
1 76 111 254
1 299 335 830
2 48 311
1 48 126 169
1 187 399 266
2 298 397
1 211 432 980
2 53 203
2 90 229
2 58 353
2 65 299
1 13 325 386
2 274 285
1 112 505 30
1 165 466 938
1 273 290 494
1 51 478 284
1 334 359 471
2 84 331
1 18 471 60
2 150 430
2 186 505
1 287 445 640
1 129 405 591
1 170 352 444
1 216 430 337
2 31 187
2 393 404
2 421 441
1 175 208 425
1 229 419 612
2 11 81
2 65 184
1 69 92 556
2 172 194
1 29 50 884
