51000000000
102000000000
153000000000
204000000000
255000000000
306000000000
357000000000
408000000000
459000000000
510000000000
561000000000
612000000000
663000000000
714000000000
765000000000
816000000000
867000000000
918000000000
969000000000
1020000000000
1071000000000
1122000000000
1173000000000
1224000000000
1275000000000
1326000000000
1377000000000
1428000000000
1479000000000
1530000000000
1581000000000
1632000000000
1683000000000
1734000000000
1785000000000
1836000000000
1887000000000
1938000000000
1989000000000
2040000000000
2091000000000
2142000000000
2193000000000
2244000000000
2295000000000
2346000000000
2397000000000
2448000000000
2499000000000
