6890
3 80 5
23 36 7
29 30 9
42 77 2
47 20 8
47 58 8
49 36 2
56 4 5
75 10 2
80 27 1
99 76 9
1 1 4
1 2 4
1 5 4
1 7 4
1 9 4
1 10 4
1 11 4
1 12 4
1 13 4
1 14 4
1 16 4
1 18 4
1 19 4
1 21 4
1 22 4
1 23 4
1 24 4
1 26 4
1 27 4
1 28 4
1 29 4
1 30 4
1 31 4
1 32 4
1 34 4
1 35 4
1 36 4
1 37 4
1 38 4
1 39 4
1 40 4
1 42 4
1 43 4
1 44 4
1 46 4
1 48 4
1 50 4
1 52 4
1 53 4
1 54 4
1 55 4
1 57 4
1 58 4
1 59 4
1 60 4
1 63 4
1 64 4
1 65 4
1 66 4
1 67 4
1 68 4
1 69 4
1 70 4
1 72 4
1 73 4
1 74 4
1 76 4
1 77 4
1 78 4
1 80 4
1 81 4
1 82 4
1 84 4
1 85 4
1 86 4
1 87 4
1 89 4
1 91 4
1 92 4
1 95 4
1 96 4
1 97 4
1 98 4
1 99 4
1 100 4
2 1 4
2 6 4
2 7 4
2 8 4
2 9 4
2 10 4
2 11 4
2 14 4
2 16 4
2 17 4
2 19 4
2 21 4
2 22 4
2 24 4
2 25 4
2 27 4
2 28 4
2 30 4
2 32 4
2 33 4
2 35 4
2 37 4
2 38 4
2 39 4
2 40 4
2 41 4
2 42 4
2 43 4
2 44 4
2 45 4
2 46 4
2 48 4
2 49 4
2 51 4
2 53 4
2 54 4
2 55 4
2 56 4
2 58 4
2 59 4
2 63 4
2 64 4
2 65 4
2 66 4
2 67 4
2 68 4
2 69 4
2 74 4
2 77 4
2 78 4
2 79 4
2 80 4
2 83 4
2 84 4
2 85 4
2 86 4
2 88 4
2 89 4
2 94 4
2 95 4
2 97 4
2 98 4
2 100 4
3 1 4
3 3 4
3 4 4
3 5 4
3 6 4
3 7 4
3 8 4
3 9 4
3 10 4
3 11 4
3 12 4
3 13 4
3 14 4
3 15 4
3 18 4
3 19 4
3 20 4
3 21 4
3 22 4
3 23 4
3 26 4
3 27 4
3 28 4
3 29 4
3 31 4
3 34 4
3 35 4
3 36 4
3 37 4
3 40 4
3 42 4
3 43 4
3 44 4
3 47 4
3 49 4
3 50 4
3 52 4
3 53 4
3 54 4
3 55 4
3 57 4
3 58 4
3 60 4
3 62 4
3 63 4
3 64 4
3 65 4
3 67 4
3 70 4
3 72 4
3 73 4
3 76 4
3 77 4
3 82 4
3 83 4
3 84 4
3 89 4
3 90 4
3 91 4
3 92 4
3 93 4
3 94 4
3 96 4
3 97 4
3 98 4
3 100 4
4 1 4
4 3 4
4 5 4
4 7 4
4 8 4
4 10 4
4 11 4
4 12 4
4 14 4
4 15 4
4 16 4
4 18 4
4 19 4
4 21 4
4 23 4
4 26 4
4 27 4
4 28 4
4 29 4
4 30 4
4 31 4
4 32 4
4 33 4
4 34 4
4 36 4
4 42 4
4 46 4
4 50 4
4 51 4
4 55 4
4 56 4
4 57 4
4 59 4
4 60 4
4 61 4
4 63 4
4 64 4
4 66 4
4 68 4
4 69 4
4 70 4
4 72 4
4 73 4
4 76 4
4 77 4
4 78 4
4 79 4
4 81 4
4 82 4
4 84 4
4 85 4
4 87 4
4 91 4
4 93 4
4 94 4
4 96 4
4 97 4
4 99 4
4 100 4
5 1 4
5 3 4
5 5 4
5 6 4
5 8 4
5 10 4
5 11 4
5 12 4
5 13 4
5 14 4
5 16 4
5 19 4
5 20 4
5 22 4
5 23 4
5 24 4
5 29 4
5 30 4
5 31 4
5 32 4
5 35 4
5 39 4
5 41 4
5 42 4
5 44 4
5 45 4
5 47 4
5 48 4
5 50 4
5 51 4
5 52 4
5 53 4
5 54 4
5 56 4
5 58 4
5 59 4
5 62 4
5 63 4
5 64 4
5 69 4
5 71 4
5 78 4
5 80 4
5 84 4
5 85 4
5 86 4
5 87 4
5 88 4
5 90 4
5 91 4
5 92 4
5 94 4
5 95 4
5 96 4
5 97 4
5 99 4
6 1 4
6 2 4
6 3 4
6 4 4
6 5 4
6 6 4
6 8 4
6 9 4
6 10 4
6 11 4
6 12 4
6 14 4
6 15 4
6 16 4
6 17 4
6 19 4
6 22 4
6 23 4
6 25 4
6 26 4
6 27 4
6 28 4
6 31 4
6 33 4
6 34 4
6 36 4
6 37 4
6 38 4
6 39 4
6 41 4
6 42 4
6 43 4
6 45 4
6 46 4
6 47 4
6 48 4
6 49 4
6 50 4
6 52 4
6 54 4
6 55 4
6 57 4
6 58 4
6 59 4
6 60 4
6 61 4
6 62 4
6 63 4
6 64 4
6 65 4
6 66 4
6 67 4
6 68 4
6 69 4
6 70 4
6 71 4
6 72 4
6 73 4
6 74 4
6 76 4
6 78 4
6 80 4
6 81 4
6 82 4
6 84 4
6 85 4
6 86 4
6 88 4
6 91 4
6 95 4
6 97 4
6 98 4
6 100 4
7 1 4
7 2 4
7 3 4
7 4 4
7 5 4
7 6 4
7 7 4
7 8 4
7 9 4
7 13 4
7 16 4
7 17 4
7 21 4
7 22 4
7 23 4
7 24 4
7 25 4
7 26 4
7 27 4
7 30 4
7 31 4
7 32 4
7 33 4
7 34 4
7 35 4
7 36 4
7 37 4
7 39 4
7 40 4
7 41 4
7 42 4
7 43 4
7 45 4
7 46 4
7 47 4
7 48 4
7 49 4
7 51 4
7 52 4
7 54 4
7 55 4
7 56 4
7 57 4
7 59 4
7 60 4
7 62 4
7 63 4
7 64 4
7 65 4
7 66 4
7 67 4
7 68 4
7 69 4
7 70 4
7 71 4
7 72 4
7 73 4
7 74 4
7 75 4
7 77 4
7 78 4
7 79 4
7 80 4
7 81 4
7 82 4
7 83 4
7 85 4
7 86 4
7 90 4
7 93 4
7 94 4
7 95 4
7 96 4
7 97 4
7 99 4
7 100 4
8 1 4
8 2 4
8 3 4
8 7 4
8 10 4
8 11 4
8 12 4
8 14 4
8 16 4
8 17 4
8 18 4
8 19 4
8 20 4
8 21 4
8 22 4
8 23 4
8 24 4
8 25 4
8 26 4
8 30 4
8 34 4
8 35 4
8 36 4
8 38 4
8 39 4
8 41 4
8 44 4
8 45 4
8 46 4
8 47 4
8 48 4
8 49 4
8 51 4
8 52 4
8 54 4
8 55 4
8 56 4
8 57 4
8 58 4
8 60 4
8 61 4
8 63 4
8 65 4
8 68 4
8 69 4
8 70 4
8 71 4
8 72 4
8 73 4
8 75 4
8 76 4
8 77 4
8 80 4
8 82 4
8 84 4
8 86 4
8 88 4
8 89 4
8 91 4
8 93 4
8 94 4
8 98 4
8 99 4
9 1 4
9 2 4
9 3 4
9 4 4
9 5 4
9 8 4
9 9 4
9 11 4
9 12 4
9 13 4
9 14 4
9 15 4
9 16 4
9 20 4
9 23 4
9 24 4
9 25 4
9 26 4
9 27 4
9 28 4
9 29 4
9 31 4
9 34 4
9 39 4
9 40 4
9 42 4
9 43 4
9 45 4
9 46 4
9 47 4
9 48 4
9 49 4
9 50 4
9 51 4
9 54 4
9 55 4
9 58 4
9 59 4
9 60 4
9 62 4
9 63 4
9 66 4
9 69 4
9 70 4
9 71 4
9 72 4
9 73 4
9 75 4
9 77 4
9 78 4
9 79 4
9 80 4
9 81 4
9 83 4
9 86 4
9 87 4
9 88 4
9 89 4
9 90 4
9 91 4
9 92 4
9 93 4
9 94 4
9 95 4
9 96 4
9 98 4
9 99 4
9 100 4
10 1 4
10 3 4
10 5 4
10 6 4
10 7 4
10 9 4
10 10 4
10 11 4
10 12 4
10 13 4
10 14 4
10 16 4
10 17 4
10 19 4
10 20 4
10 22 4
10 24 4
10 27 4
10 28 4
10 29 4
10 31 4
10 32 4
10 33 4
10 34 4
10 36 4
10 37 4
10 38 4
10 39 4
10 41 4
10 43 4
10 45 4
10 46 4
10 47 4
10 49 4
10 50 4
10 51 4
10 52 4
10 54 4
10 56 4
10 58 4
10 59 4
10 61 4
10 64 4
10 66 4
10 67 4
10 68 4
10 72 4
10 75 4
10 76 4
10 77 4
10 78 4
10 80 4
10 82 4
10 83 4
10 85 4
10 86 4
10 87 4
10 88 4
10 89 4
10 91 4
10 92 4
10 93 4
10 94 4
10 95 4
10 97 4
10 98 4
10 99 4
10 100 4
11 1 4
11 2 4
11 4 4
11 6 4
11 7 4
11 10 4
11 12 4
11 13 4
11 15 4
11 16 4
11 18 4
11 19 4
11 20 4
11 21 4
11 22 4
11 23 4
11 25 4
11 27 4
11 28 4
11 30 4
11 31 4
11 33 4
11 35 4
11 36 4
11 40 4
11 41 4
11 42 4
11 43 4
11 44 4
11 45 4
11 46 4
11 47 4
11 48 4
11 49 4
11 51 4
11 52 4
11 53 4
11 54 4
11 56 4
11 58 4
11 59 4
11 60 4
11 61 4
11 62 4
11 64 4
11 65 4
11 66 4
11 68 4
11 69 4
11 71 4
11 72 4
11 73 4
11 75 4
11 76 4
11 77 4
11 78 4
11 79 4
11 80 4
11 81 4
11 82 4
11 83 4
11 84 4
11 85 4
11 86 4
11 88 4
11 89 4
11 90 4
11 91 4
11 92 4
11 97 4
11 98 4
11 100 4
12 3 4
12 4 4
12 5 4
12 6 4
12 8 4
12 9 4
12 10 4
12 11 4
12 13 4
12 14 4
12 15 4
12 18 4
12 19 4
12 20 4
12 21 4
12 22 4
12 23 4
12 24 4
12 28 4
12 29 4
12 30 4
12 32 4
12 33 4
12 34 4
12 35 4
12 37 4
12 38 4
12 39 4
12 40 4
12 41 4
12 42 4
12 44 4
12 46 4
12 47 4
12 50 4
12 53 4
12 54 4
12 58 4
12 59 4
12 60 4
12 61 4
12 62 4
12 63 4
12 65 4
12 66 4
12 67 4
12 69 4
12 72 4
12 79 4
12 81 4
12 82 4
12 83 4
12 84 4
12 86 4
12 88 4
12 90 4
12 92 4
12 94 4
12 95 4
12 96 4
12 97 4
12 99 4
12 100 4
13 1 4
13 2 4
13 3 4
13 4 4
13 5 4
13 7 4
13 11 4
13 13 4
13 14 4
13 16 4
13 17 4
13 18 4
13 21 4
13 23 4
13 25 4
13 26 4
13 27 4
13 28 4
13 30 4
13 32 4
13 33 4
13 34 4
13 35 4
13 36 4
13 37 4
13 38 4
13 40 4
13 41 4
13 43 4
13 45 4
13 46 4
13 47 4
13 48 4
13 49 4
13 52 4
13 53 4
13 54 4
13 55 4
13 56 4
13 57 4
13 59 4
13 60 4
13 64 4
13 66 4
13 67 4
13 69 4
13 70 4
13 72 4
13 73 4
13 74 4
13 75 4
13 76 4
13 77 4
13 78 4
13 79 4
13 81 4
13 82 4
13 83 4
13 85 4
13 86 4
13 87 4
13 88 4
13 90 4
13 91 4
13 92 4
13 93 4
13 94 4
13 95 4
13 96 4
13 99 4
13 100 4
14 1 4
14 2 4
14 3 4
14 5 4
14 6 4
14 7 4
14 8 4
14 9 4
14 10 4
14 12 4
14 13 4
14 16 4
14 18 4
14 28 4
14 29 4
14 30 4
14 32 4
14 33 4
14 34 4
14 35 4
14 36 4
14 37 4
14 38 4
14 39 4
14 40 4
14 42 4
14 43 4
14 44 4
14 46 4
14 47 4
14 48 4
14 49 4
14 50 4
14 51 4
14 53 4
14 56 4
14 57 4
14 58 4
14 59 4
14 60 4
14 62 4
14 63 4
14 64 4
14 65 4
14 66 4
14 67 4
14 68 4
14 69 4
14 70 4
14 71 4
14 72 4
14 73 4
14 75 4
14 77 4
14 78 4
14 80 4
14 81 4
14 82 4
14 83 4
14 84 4
14 85 4
14 86 4
14 87 4
14 89 4
14 90 4
14 91 4
14 92 4
14 95 4
14 96 4
14 99 4
14 100 4
15 1 4
15 2 4
15 3 4
15 4 4
15 5 4
15 6 4
15 7 4
15 9 4
15 10 4
15 11 4
15 12 4
15 14 4
15 15 4
15 17 4
15 18 4
15 19 4
15 21 4
15 24 4
15 25 4
15 27 4
15 28 4
15 30 4
15 31 4
15 32 4
15 35 4
15 36 4
15 37 4
15 40 4
15 41 4
15 42 4
15 44 4
15 45 4
15 46 4
15 47 4
15 48 4
15 50 4
15 51 4
15 54 4
15 55 4
15 56 4
15 57 4
15 58 4
15 59 4
15 60 4
15 61 4
15 62 4
15 65 4
15 66 4
15 68 4
15 70 4
15 71 4
15 73 4
15 76 4
15 78 4
15 79 4
15 83 4
15 84 4
15 85 4
15 86 4
15 88 4
15 89 4
15 90 4
15 91 4
15 92 4
15 93 4
15 94 4
15 95 4
15 96 4
15 98 4
15 99 4
15 100 4
16 1 4
16 4 4
16 5 4
16 7 4
16 8 4
16 9 4
16 10 4
16 11 4
16 12 4
16 14 4
16 16 4
16 17 4
16 19 4
16 20 4
16 21 4
16 22 4
16 24 4
16 25 4
16 26 4
16 29 4
16 30 4
16 31 4
16 32 4
16 34 4
16 35 4
16 36 4
16 37 4
16 39 4
16 41 4
16 42 4
16 44 4
16 46 4
16 47 4
16 48 4
16 49 4
16 50 4
16 51 4
16 52 4
16 53 4
16 54 4
16 55 4
16 56 4
16 57 4
16 58 4
16 60 4
16 61 4
16 62 4
16 63 4
16 64 4
16 65 4
16 66 4
16 67 4
16 68 4
16 69 4
16 77 4
16 78 4
16 79 4
16 82 4
16 84 4
16 85 4
16 86 4
16 87 4
16 90 4
16 93 4
16 94 4
16 96 4
16 97 4
16 98 4
16 100 4
17 2 4
17 5 4
17 6 4
17 8 4
17 10 4
17 14 4
17 15 4
17 16 4
17 17 4
17 18 4
17 19 4
17 20 4
17 22 4
17 23 4
17 25 4
17 26 4
17 29 4
17 30 4
17 31 4
17 32 4
17 36 4
17 37 4
17 40 4
17 41 4
17 42 4
17 44 4
17 46 4
17 47 4
17 50 4
17 53 4
17 55 4
17 57 4
17 58 4
17 59 4
17 60 4
17 61 4
17 63 4
17 64 4
17 65 4
17 66 4
17 68 4
17 69 4
17 70 4
17 71 4
17 72 4
17 73 4
17 74 4
17 75 4
17 76 4
17 77 4
17 78 4
17 80 4
17 81 4
17 83 4
17 84 4
17 85 4
17 86 4
17 87 4
17 88 4
17 89 4
17 91 4
17 92 4
17 94 4
17 95 4
17 96 4
17 97 4
17 98 4
17 99 4
17 100 4
18 1 4
18 2 4
18 4 4
18 6 4
18 7 4
18 8 4
18 10 4
18 11 4
18 12 4
18 13 4
18 15 4
18 18 4
18 19 4
18 20 4
18 24 4
18 27 4
18 30 4
18 33 4
18 34 4
18 35 4
18 36 4
18 38 4
18 39 4
18 40 4
18 41 4
18 42 4
18 43 4
18 44 4
18 47 4
18 48 4
18 49 4
18 50 4
18 53 4
18 54 4
18 55 4
18 56 4
18 61 4
18 62 4
18 63 4
18 65 4
18 66 4
18 68 4
18 73 4
18 74 4
18 75 4
18 77 4
18 78 4
18 79 4
18 80 4
18 81 4
18 82 4
18 83 4
18 84 4
18 89 4
18 90 4
18 91 4
18 92 4
18 93 4
18 96 4
18 97 4
18 98 4
18 99 4
18 100 4
19 1 4
19 2 4
19 4 4
19 5 4
19 6 4
19 7 4
19 9 4
19 10 4
19 11 4
19 12 4
19 14 4
19 15 4
19 16 4
19 17 4
19 18 4
19 19 4
19 24 4
19 26 4
19 27 4
19 28 4
19 29 4
19 34 4
19 35 4
19 37 4
19 38 4
19 41 4
19 43 4
19 44 4
19 45 4
19 46 4
19 47 4
19 49 4
19 50 4
19 51 4
19 53 4
19 54 4
19 55 4
19 56 4
19 58 4
19 59 4
19 60 4
19 61 4
19 62 4
19 63 4
19 64 4
19 66 4
19 67 4
19 68 4
19 69 4
19 70 4
19 71 4
19 73 4
19 74 4
19 75 4
19 76 4
19 77 4
19 79 4
19 80 4
19 81 4
19 83 4
19 84 4
19 85 4
19 86 4
19 87 4
19 88 4
19 90 4
19 93 4
19 94 4
19 95 4
19 96 4
19 97 4
19 100 4
20 1 4
20 2 4
20 3 4
20 4 4
20 6 4
20 7 4
20 8 4
20 10 4
20 13 4
20 14 4
20 16 4
20 18 4
20 19 4
20 20 4
20 21 4
20 22 4
20 23 4
20 24 4
20 26 4
20 27 4
20 28 4
20 30 4
20 31 4
20 32 4
20 34 4
20 35 4
20 36 4
20 37 4
20 39 4
20 40 4
20 41 4
20 42 4
20 45 4
20 47 4
20 48 4
20 52 4
20 53 4
20 55 4
20 56 4
20 57 4
20 59 4
20 60 4
20 62 4
20 63 4
20 64 4
20 65 4
20 66 4
20 67 4
20 68 4
20 69 4
20 70 4
20 73 4
20 74 4
20 75 4
20 76 4
20 78 4
20 81 4
20 83 4
20 86 4
20 87 4
20 88 4
20 89 4
20 91 4
20 92 4
20 95 4
20 97 4
20 98 4
20 99 4
20 100 4
21 1 4
21 2 4
21 3 4
21 4 4
21 6 4
21 7 4
21 8 4
21 10 4
21 11 4
21 12 4
21 13 4
21 15 4
21 17 4
21 18 4
21 20 4
21 21 4
21 22 4
21 23 4
21 25 4
21 26 4
21 30 4
21 31 4
21 32 4
21 33 4
21 36 4
21 38 4
21 40 4
21 41 4
21 42 4
21 43 4
21 44 4
21 45 4
21 46 4
21 47 4
21 48 4
21 49 4
21 52 4
21 53 4
21 54 4
21 55 4
21 56 4
21 57 4
21 58 4
21 60 4
21 61 4
21 62 4
21 64 4
21 65 4
21 69 4
21 71 4
21 74 4
21 75 4
21 76 4
21 77 4
21 80 4
21 82 4
21 83 4
21 84 4
21 87 4
21 90 4
21 91 4
21 92 4
21 93 4
21 95 4
21 96 4
21 97 4
21 98 4
21 99 4
21 100 4
22 1 4
22 2 4
22 4 4
22 7 4
22 8 4
22 10 4
22 12 4
22 15 4
22 16 4
22 17 4
22 18 4
22 20 4
22 21 4
22 22 4
22 23 4
22 25 4
22 29 4
22 30 4
22 32 4
22 34 4
22 35 4
22 37 4
22 39 4
22 41 4
22 42 4
22 45 4
22 46 4
22 47 4
22 48 4
22 49 4
22 50 4
22 51 4
22 53 4
22 55 4
22 56 4
22 57 4
22 58 4
22 59 4
22 60 4
22 62 4
22 63 4
22 64 4
22 67 4
22 68 4
22 69 4
22 70 4
22 71 4
22 72 4
22 73 4
22 74 4
22 79 4
22 80 4
22 82 4
22 83 4
22 87 4
22 88 4
22 89 4
22 90 4
22 92 4
22 93 4
22 95 4
22 96 4
22 97 4
22 98 4
22 99 4
22 100 4
23 1 4
23 2 4
23 5 4
23 6 4
23 7 4
23 9 4
23 10 4
23 12 4
23 14 4
23 16 4
23 19 4
23 20 4
23 23 4
23 25 4
23 26 4
23 27 4
23 28 4
23 29 4
23 31 4
23 33 4
23 34 4
23 38 4
23 39 4
23 40 4
23 43 4
23 44 4
23 45 4
23 46 4
23 47 4
23 48 4
23 49 4
23 50 4
23 52 4
23 53 4
23 55 4
23 56 4
23 57 4
23 58 4
23 59 4
23 61 4
23 62 4
23 63 4
23 64 4
23 67 4
23 69 4
23 70 4
23 73 4
23 74 4
23 75 4
23 76 4
23 79 4
23 80 4
23 83 4
23 85 4
23 86 4
23 87 4
23 89 4
23 94 4
23 95 4
23 98 4
23 99 4
23 100 4
24 2 4
24 4 4
24 6 4
24 7 4
24 9 4
24 11 4
24 12 4
24 13 4
24 14 4
24 15 4
24 16 4
24 18 4
24 19 4
24 20 4
24 21 4
24 22 4
24 24 4
24 26 4
24 27 4
24 28 4
24 29 4
24 30 4
24 31 4
24 33 4
24 34 4
24 35 4
24 38 4
24 41 4
24 42 4
24 43 4
24 45 4
24 46 4
24 47 4
24 48 4
24 49 4
24 50 4
24 51 4
24 52 4
24 53 4
24 55 4
24 56 4
24 58 4
24 59 4
24 61 4
24 62 4
24 63 4
24 64 4
24 66 4
24 67 4
24 69 4
24 72 4
24 74 4
24 75 4
24 78 4
24 79 4
24 81 4
24 82 4
24 83 4
24 84 4
24 86 4
24 87 4
24 88 4
24 89 4
24 92 4
24 93 4
24 94 4
24 95 4
24 96 4
24 97 4
24 98 4
24 99 4
24 100 4
25 1 4
25 2 4
25 3 4
25 4 4
25 6 4
25 7 4
25 8 4
25 10 4
25 11 4
25 12 4
25 14 4
25 16 4
25 17 4
25 18 4
25 21 4
25 23 4
25 24 4
25 26 4
25 28 4
25 30 4
25 31 4
25 37 4
25 38 4
25 39 4
25 41 4
25 42 4
25 43 4
25 44 4
25 45 4
25 46 4
25 47 4
25 48 4
25 49 4
25 50 4
25 51 4
25 53 4
25 54 4
25 55 4
25 56 4
25 57 4
25 58 4
25 60 4
25 61 4
25 62 4
25 63 4
25 64 4
25 65 4
25 67 4
25 68 4
25 69 4
25 70 4
25 71 4
25 73 4
25 75 4
25 76 4
25 77 4
25 78 4
25 81 4
25 82 4
25 83 4
25 84 4
25 86 4
25 87 4
25 88 4
25 89 4
25 94 4
25 95 4
25 96 4
25 97 4
25 100 4
26 1 4
26 3 4
26 4 4
26 6 4
26 7 4
26 8 4
26 9 4
26 10 4
26 12 4
26 13 4
26 16 4
26 17 4
26 19 4
26 20 4
26 21 4
26 22 4
26 23 4
26 25 4
26 26 4
26 28 4
26 29 4
26 32 4
26 33 4
26 34 4
26 35 4
26 36 4
26 37 4
26 38 4
26 39 4
26 40 4
26 41 4
26 43 4
26 44 4
26 46 4
26 48 4
26 51 4
26 52 4
26 54 4
26 55 4
26 58 4
26 59 4
26 60 4
26 61 4
26 62 4
26 63 4
26 64 4
26 66 4
26 68 4
26 69 4
26 70 4
26 71 4
26 73 4
26 77 4
26 78 4
26 79 4
26 81 4
26 83 4
26 84 4
26 85 4
26 86 4
26 88 4
26 89 4
26 90 4
26 91 4
26 93 4
26 94 4
26 95 4
26 96 4
26 97 4
26 98 4
26 99 4
27 1 4
27 2 4
27 4 4
27 5 4
27 6 4
27 8 4
27 9 4
27 10 4
27 13 4
27 15 4
27 17 4
27 18 4
27 20 4
27 21 4
27 22 4
27 23 4
27 24 4
27 25 4
27 27 4
27 29 4
27 30 4
27 31 4
27 32 4
27 34 4
27 35 4
27 36 4
27 37 4
27 39 4
27 40 4
27 41 4
27 42 4
27 43 4
27 47 4
27 49 4
27 53 4
27 54 4
27 55 4
27 56 4
27 58 4
27 60 4
27 62 4
27 64 4
27 65 4
27 66 4
27 67 4
27 68 4
27 70 4
27 71 4
27 72 4
27 73 4
27 74 4
27 76 4
27 79 4
27 82 4
27 83 4
27 84 4
27 85 4
27 86 4
27 88 4
27 90 4
27 92 4
27 95 4
27 96 4
27 97 4
27 98 4
27 99 4
27 100 4
28 1 4
28 2 4
28 3 4
28 4 4
28 5 4
28 8 4
28 9 4
28 10 4
28 13 4
28 14 4
28 15 4
28 16 4
28 17 4
28 18 4
28 19 4
28 22 4
28 23 4
28 24 4
28 25 4
28 26 4
28 29 4
28 30 4
28 31 4
28 32 4
28 33 4
28 34 4
28 35 4
28 38 4
28 40 4
28 41 4
28 43 4
28 44 4
28 45 4
28 47 4
28 48 4
28 49 4
28 52 4
28 53 4
28 55 4
28 56 4
28 57 4
28 58 4
28 59 4
28 60 4
28 62 4
28 63 4
28 65 4
28 66 4
28 67 4
28 68 4
28 69 4
28 70 4
28 72 4
28 75 4
28 76 4
28 77 4
28 79 4
28 81 4
28 82 4
28 83 4
28 85 4
28 86 4
28 87 4
28 88 4
28 89 4
28 90 4
28 91 4
28 93 4
28 94 4
28 96 4
28 97 4
28 98 4
28 99 4
29 1 4
29 2 4
29 3 4
29 4 4
29 5 4
29 6 4
29 7 4
29 8 4
29 11 4
29 12 4
29 13 4
29 14 4
29 15 4
29 16 4
29 18 4
29 19 4
29 20 4
29 23 4
29 24 4
29 25 4
29 27 4
29 32 4
29 33 4
29 34 4
29 37 4
29 38 4
29 39 4
29 40 4
29 41 4
29 42 4
29 44 4
29 45 4
29 46 4
29 48 4
29 49 4
29 50 4
29 51 4
29 54 4
29 57 4
29 59 4
29 60 4
29 61 4
29 62 4
29 63 4
29 64 4
29 65 4
29 66 4
29 67 4
29 68 4
29 69 4
29 70 4
29 71 4
29 73 4
29 76 4
29 78 4
29 79 4
29 80 4
29 81 4
29 82 4
29 85 4
29 88 4
29 89 4
29 90 4
29 91 4
29 93 4
29 94 4
29 95 4
29 97 4
29 98 4
29 100 4
30 2 4
30 3 4
30 5 4
30 7 4
30 8 4
30 9 4
30 10 4
30 11 4
30 12 4
30 17 4
30 18 4
30 19 4
30 20 4
30 21 4
30 22 4
30 23 4
30 25 4
30 26 4
30 27 4
30 28 4
30 29 4
30 31 4
30 32 4
30 33 4
30 34 4
30 35 4
30 37 4
30 39 4
30 40 4
30 43 4
30 44 4
30 45 4
30 46 4
30 47 4
30 49 4
30 50 4
30 51 4
30 54 4
30 56 4
30 57 4
30 59 4
30 60 4
30 61 4
30 63 4
30 64 4
30 65 4
30 66 4
30 69 4
30 70 4
30 71 4
30 74 4
30 75 4
30 77 4
30 78 4
30 79 4
30 80 4
30 81 4
30 82 4
30 83 4
30 84 4
30 86 4
30 87 4
30 90 4
30 91 4
30 92 4
30 93 4
30 95 4
30 96 4
30 97 4
30 98 4
30 99 4
31 2 4
31 3 4
31 6 4
31 7 4
31 8 4
31 10 4
31 11 4
31 14 4
31 15 4
31 16 4
31 17 4
31 18 4
31 20 4
31 21 4
31 22 4
31 24 4
31 25 4
31 26 4
31 27 4
31 28 4
31 30 4
31 31 4
31 32 4
31 33 4
31 34 4
31 35 4
31 36 4
31 39 4
31 40 4
31 41 4
31 42 4
31 43 4
31 45 4
31 47 4
31 48 4
31 49 4
31 50 4
31 51 4
31 53 4
31 55 4
31 57 4
31 58 4
31 60 4
31 61 4
31 64 4
31 65 4
31 66 4
31 67 4
31 68 4
31 69 4
31 70 4
31 71 4
31 73 4
31 74 4
31 75 4
31 78 4
31 79 4
31 80 4
31 82 4
31 85 4
31 86 4
31 87 4
31 90 4
31 93 4
31 95 4
31 96 4
31 97 4
31 99 4
31 100 4
32 1 4
32 2 4
32 4 4
32 5 4
32 7 4
32 8 4
32 9 4
32 10 4
32 11 4
32 13 4
32 15 4
32 16 4
32 17 4
32 18 4
32 19 4
32 22 4
32 25 4
32 26 4
32 27 4
32 28 4
32 29 4
32 30 4
32 32 4
32 33 4
32 34 4
32 35 4
32 38 4
32 41 4
32 44 4
32 46 4
32 47 4
32 48 4
32 49 4
32 50 4
32 51 4
32 52 4
32 54 4
32 56 4
32 58 4
32 65 4
32 67 4
32 69 4
32 72 4
32 73 4
32 74 4
32 75 4
32 76 4
32 77 4
32 78 4
32 81 4
32 82 4
32 83 4
32 84 4
32 85 4
32 88 4
32 90 4
32 91 4
32 93 4
32 94 4
32 96 4
32 97 4
32 98 4
32 99 4
33 1 4
33 2 4
33 4 4
33 5 4
33 6 4
33 8 4
33 10 4
33 11 4
33 13 4
33 14 4
33 15 4
33 16 4
33 18 4
33 19 4
33 20 4
33 21 4
33 22 4
33 24 4
33 25 4
33 26 4
33 27 4
33 28 4
33 30 4
33 31 4
33 32 4
33 33 4
33 34 4
33 36 4
33 37 4
33 39 4
33 41 4
33 42 4
33 43 4
33 44 4
33 45 4
33 46 4
33 47 4
33 50 4
33 53 4
33 54 4
33 56 4
33 57 4
33 58 4
33 59 4
33 60 4
33 61 4
33 62 4
33 63 4
33 64 4
33 65 4
33 66 4
33 68 4
33 69 4
33 70 4
33 72 4
33 73 4
33 74 4
33 75 4
33 76 4
33 77 4
33 78 4
33 80 4
33 81 4
33 82 4
33 83 4
33 84 4
33 85 4
33 87 4
33 88 4
33 90 4
33 92 4
33 93 4
33 95 4
33 97 4
33 98 4
33 99 4
33 100 4
34 1 4
34 2 4
34 4 4
34 5 4
34 6 4
34 7 4
34 8 4
34 10 4
34 11 4
34 12 4
34 13 4
34 14 4
34 15 4
34 16 4
34 17 4
34 18 4
34 19 4
34 20 4
34 22 4
34 23 4
34 24 4
34 25 4
34 26 4
34 27 4
34 28 4
34 29 4
34 30 4
34 31 4
34 32 4
34 33 4
34 34 4
34 35 4
34 36 4
34 37 4
34 38 4
34 40 4
34 41 4
34 42 4
34 43 4
34 44 4
34 45 4
34 46 4
34 47 4
34 48 4
34 49 4
34 50 4
34 51 4
34 52 4
34 53 4
34 56 4
34 58 4
34 61 4
34 62 4
34 64 4
34 65 4
34 66 4
34 67 4
34 68 4
34 69 4
34 70 4
34 71 4
34 72 4
34 75 4
34 76 4
34 77 4
34 79 4
34 80 4
34 82 4
34 84 4
34 86 4
34 87 4
34 88 4
34 89 4
34 90 4
34 92 4
34 93 4
34 94 4
34 95 4
34 96 4
34 99 4
35 1 4
35 2 4
35 3 4
35 6 4
35 7 4
35 8 4
35 11 4
35 12 4
35 13 4
35 14 4
35 19 4
35 21 4
35 22 4
35 24 4
35 25 4
35 27 4
35 29 4
35 30 4
35 31 4
35 32 4
35 34 4
35 36 4
35 37 4
35 38 4
35 39 4
35 40 4
35 41 4
35 43 4
35 44 4
35 45 4
35 46 4
35 47 4
35 50 4
35 51 4
35 52 4
35 53 4
35 54 4
35 55 4
35 56 4
35 57 4
35 59 4
35 60 4
35 61 4
35 62 4
35 69 4
35 70 4
35 72 4
35 73 4
35 74 4
35 76 4
35 77 4
35 78 4
35 79 4
35 80 4
35 82 4
35 84 4
35 85 4
35 86 4
35 89 4
35 91 4
35 93 4
35 94 4
35 95 4
35 96 4
35 97 4
35 98 4
35 100 4
36 1 4
36 2 4
36 3 4
36 4 4
36 6 4
36 7 4
36 8 4
36 9 4
36 10 4
36 12 4
36 13 4
36 14 4
36 15 4
36 16 4
36 17 4
36 19 4
36 20 4
36 22 4
36 24 4
36 26 4
36 28 4
36 29 4
36 31 4
36 33 4
36 34 4
36 36 4
36 37 4
36 39 4
36 41 4
36 42 4
36 43 4
36 45 4
36 46 4
36 47 4
36 48 4
36 51 4
36 52 4
36 54 4
36 58 4
36 59 4
36 60 4
36 61 4
36 62 4
36 63 4
36 64 4
36 66 4
36 68 4
36 71 4
36 72 4
36 74 4
36 75 4
36 76 4
36 77 4
36 79 4
36 80 4
36 81 4
36 82 4
36 83 4
36 85 4
36 86 4
36 87 4
36 88 4
36 89 4
36 90 4
36 92 4
36 93 4
36 94 4
36 95 4
36 96 4
36 98 4
36 100 4
37 1 4
37 3 4
37 5 4
37 6 4
37 8 4
37 10 4
37 11 4
37 12 4
37 14 4
37 15 4
37 16 4
37 17 4
37 18 4
37 19 4
37 21 4
37 22 4
37 23 4
37 25 4
37 27 4
37 28 4
37 30 4
37 31 4
37 34 4
37 35 4
37 37 4
37 38 4
37 39 4
37 42 4
37 44 4
37 47 4
37 48 4
37 49 4
37 50 4
37 52 4
37 53 4
37 54 4
37 55 4
37 56 4
37 58 4
37 60 4
37 62 4
37 64 4
37 66 4
37 68 4
37 69 4
37 71 4
37 73 4
37 78 4
37 81 4
37 82 4
37 83 4
37 85 4
37 86 4
37 87 4
37 88 4
37 89 4
37 91 4
37 93 4
37 94 4
37 95 4
37 96 4
37 98 4
37 99 4
37 100 4
38 1 4
38 3 4
38 4 4
38 5 4
38 6 4
38 7 4
38 9 4
38 11 4
38 12 4
38 13 4
38 14 4
38 15 4
38 16 4
38 17 4
38 18 4
38 19 4
38 20 4
38 21 4
38 23 4
38 24 4
38 25 4
38 26 4
38 28 4
38 29 4
38 32 4
38 33 4
38 34 4
38 35 4
38 36 4
38 37 4
38 38 4
38 39 4
38 41 4
38 43 4
38 45 4
38 46 4
38 48 4
38 49 4
38 51 4
38 52 4
38 53 4
38 54 4
38 56 4
38 57 4
38 58 4
38 59 4
38 60 4
38 61 4
38 62 4
38 64 4
38 65 4
38 66 4
38 68 4
38 69 4
38 70 4
38 72 4
38 74 4
38 76 4
38 77 4
38 78 4
38 79 4
38 81 4
38 82 4
38 83 4
38 84 4
38 86 4
38 87 4
38 88 4
38 89 4
38 91 4
38 92 4
38 94 4
38 95 4
38 96 4
38 97 4
38 98 4
38 99 4
38 100 4
39 1 4
39 3 4
39 7 4
39 8 4
39 12 4
39 13 4
39 17 4
39 19 4
39 20 4
39 21 4
39 22 4
39 23 4
39 26 4
39 27 4
39 29 4
39 30 4
39 31 4
39 32 4
39 34 4
39 35 4
39 37 4
39 38 4
39 39 4
39 40 4
39 42 4
39 43 4
39 47 4
39 48 4
39 49 4
39 50 4
39 51 4
39 53 4
39 54 4
39 55 4
39 57 4
39 58 4
39 59 4
39 60 4
39 61 4
39 62 4
39 63 4
39 64 4
39 68 4
39 69 4
39 70 4
39 71 4
39 72 4
39 73 4
39 74 4
39 75 4
39 77 4
39 78 4
39 79 4
39 80 4
39 81 4
39 84 4
39 85 4
39 87 4
39 88 4
39 89 4
39 92 4
39 93 4
39 96 4
39 100 4
40 1 4
40 2 4
40 3 4
40 5 4
40 7 4
40 8 4
40 9 4
40 10 4
40 11 4
40 12 4
40 13 4
40 15 4
40 16 4
40 17 4
40 18 4
40 20 4
40 22 4
40 24 4
40 25 4
40 26 4
40 28 4
40 30 4
40 31 4
40 32 4
40 33 4
40 34 4
40 35 4
40 37 4
40 38 4
40 40 4
40 41 4
40 45 4
40 46 4
40 47 4
40 48 4
40 49 4
40 50 4
40 51 4
40 53 4
40 55 4
40 57 4
40 58 4
40 59 4
40 60 4
40 61 4
40 62 4
40 63 4
40 66 4
40 67 4
40 68 4
40 69 4
40 71 4
40 72 4
40 73 4
40 74 4
40 76 4
40 78 4
40 79 4
40 80 4
40 82 4
40 83 4
40 84 4
40 85 4
40 86 4
40 87 4
40 88 4
40 89 4
40 90 4
40 94 4
40 95 4
40 97 4
40 98 4
40 99 4
40 100 4
41 1 4
41 3 4
41 4 4
41 5 4
41 8 4
41 9 4
41 11 4
41 12 4
41 13 4
41 15 4
41 16 4
41 18 4
41 19 4
41 20 4
41 21 4
41 22 4
41 23 4
41 25 4
41 26 4
41 27 4
41 29 4
41 30 4
41 31 4
41 32 4
41 33 4
41 34 4
41 35 4
41 36 4
41 37 4
41 38 4
41 39 4
41 41 4
41 42 4
41 44 4
41 45 4
41 46 4
41 47 4
41 49 4
41 50 4
41 51 4
41 53 4
41 54 4
41 56 4
41 58 4
41 60 4
41 61 4
41 64 4
41 65 4
41 67 4
41 68 4
41 69 4
41 70 4
41 72 4
41 73 4
41 76 4
41 77 4
41 78 4
41 79 4
41 80 4
41 81 4
41 82 4
41 83 4
41 84 4
41 85 4
41 86 4
41 89 4
41 90 4
41 91 4
41 92 4
41 95 4
41 96 4
41 97 4
41 98 4
41 99 4
42 1 4
42 2 4
42 3 4
42 4 4
42 5 4
42 6 4
42 8 4
42 9 4
42 10 4
42 11 4
42 12 4
42 13 4
42 16 4
42 17 4
42 19 4
42 20 4
42 21 4
42 23 4
42 24 4
42 27 4
42 28 4
42 31 4
42 32 4
42 35 4
42 37 4
42 38 4
42 39 4
42 40 4
42 42 4
42 43 4
42 44 4
42 45 4
42 46 4
42 51 4
42 53 4
42 54 4
42 56 4
42 58 4
42 60 4
42 61 4
42 65 4
42 66 4
42 67 4
42 68 4
42 70 4
42 71 4
42 72 4
42 74 4
42 79 4
42 80 4
42 81 4
42 83 4
42 86 4
42 89 4
42 90 4
42 92 4
42 93 4
42 96 4
42 97 4
42 99 4
42 100 4
43 2 4
43 3 4
43 5 4
43 6 4
43 7 4
43 8 4
43 9 4
43 11 4
43 12 4
43 13 4
43 14 4
43 15 4
43 16 4
43 18 4
43 20 4
43 22 4
43 25 4
43 26 4
43 27 4
43 28 4
43 29 4
43 30 4
43 31 4
43 32 4
43 33 4
43 36 4
43 37 4
43 38 4
43 40 4
43 43 4
43 44 4
43 47 4
43 48 4
43 50 4
43 51 4
43 52 4
43 53 4
43 55 4
43 57 4
43 58 4
43 59 4
43 60 4
43 61 4
43 62 4
43 64 4
43 65 4
43 66 4
43 67 4
43 68 4
43 70 4
43 71 4
43 74 4
43 78 4
43 79 4
43 80 4
43 81 4
43 82 4
43 84 4
43 85 4
43 86 4
43 87 4
43 88 4
43 89 4
43 90 4
43 91 4
43 92 4
43 93 4
43 97 4
43 98 4
44 1 4
44 5 4
44 7 4
44 8 4
44 9 4
44 10 4
44 11 4
44 14 4
44 17 4
44 18 4
44 21 4
44 22 4
44 23 4
44 25 4
44 27 4
44 28 4
44 29 4
44 30 4
44 31 4
44 34 4
44 35 4
44 36 4
44 37 4
44 40 4
44 41 4
44 42 4
44 44 4
44 45 4
44 46 4
44 47 4
44 48 4
44 50 4
44 51 4
44 52 4
44 53 4
44 54 4
44 55 4
44 57 4
44 60 4
44 61 4
44 63 4
44 64 4
44 65 4
44 67 4
44 68 4
44 71 4
44 72 4
44 74 4
44 75 4
44 76 4
44 77 4
44 78 4
44 79 4
44 80 4
44 81 4
44 82 4
44 83 4
44 84 4
44 86 4
44 87 4
44 88 4
44 90 4
44 91 4
44 92 4
44 93 4
44 94 4
44 96 4
44 97 4
44 99 4
45 1 4
45 3 4
45 7 4
45 8 4
45 9 4
45 10 4
45 11 4
45 13 4
45 15 4
45 16 4
45 17 4
45 18 4
45 19 4
45 20 4
45 22 4
45 23 4
45 24 4
45 26 4
45 27 4
45 29 4
45 30 4
45 31 4
45 32 4
45 33 4
45 35 4
45 37 4
45 39 4
45 40 4
45 41 4
45 42 4
45 43 4
45 46 4
45 47 4
45 48 4
45 50 4
45 51 4
45 52 4
45 53 4
45 55 4
45 56 4
45 57 4
45 59 4
45 60 4
45 61 4
45 63 4
45 64 4
45 66 4
45 68 4
45 70 4
45 71 4
45 72 4
45 73 4
45 74 4
45 75 4
45 76 4
45 77 4
45 78 4
45 80 4
45 81 4
45 84 4
45 85 4
45 86 4
45 87 4
45 88 4
45 89 4
45 90 4
45 92 4
45 93 4
45 94 4
45 97 4
45 98 4
45 100 4
46 1 4
46 5 4
46 6 4
46 7 4
46 11 4
46 12 4
46 14 4
46 18 4
46 19 4
46 20 4
46 21 4
46 22 4
46 23 4
46 24 4
46 25 4
46 26 4
46 28 4
46 29 4
46 30 4
46 32 4
46 33 4
46 35 4
46 36 4
46 37 4
46 40 4
46 42 4
46 43 4
46 44 4
46 45 4
46 46 4
46 49 4
46 50 4
46 51 4
46 52 4
46 54 4
46 55 4
46 57 4
46 59 4
46 60 4
46 61 4
46 63 4
46 65 4
46 67 4
46 68 4
46 69 4
46 70 4
46 71 4
46 72 4
46 73 4
46 74 4
46 75 4
46 76 4
46 77 4
46 79 4
46 80 4
46 81 4
46 83 4
46 84 4
46 86 4
46 87 4
46 88 4
46 91 4
46 92 4
46 93 4
46 94 4
46 95 4
46 97 4
46 99 4
46 100 4
47 1 4
47 2 4
47 3 4
47 4 4
47 8 4
47 10 4
47 11 4
47 12 4
47 13 4
47 14 4
47 15 4
47 16 4
47 17 4
47 18 4
47 22 4
47 23 4
47 24 4
47 25 4
47 27 4
47 28 4
47 29 4
47 32 4
47 33 4
47 34 4
47 35 4
47 36 4
47 37 4
47 40 4
47 41 4
47 42 4
47 43 4
47 44 4
47 45 4
47 47 4
47 48 4
47 51 4
47 52 4
47 60 4
47 62 4
47 63 4
47 65 4
47 66 4
47 68 4
47 71 4
47 72 4
47 73 4
47 74 4
47 75 4
47 79 4
47 80 4
47 81 4
47 83 4
47 86 4
47 90 4
47 91 4
47 92 4
47 93 4
47 94 4
47 98 4
47 99 4
47 100 4
48 1 4
48 2 4
48 3 4
48 4 4
48 5 4
48 6 4
48 8 4
48 10 4
48 11 4
48 12 4
48 13 4
48 15 4
48 16 4
48 18 4
48 19 4
48 21 4
48 22 4
48 23 4
48 25 4
48 29 4
48 30 4
48 31 4
48 33 4
48 35 4
48 38 4
48 39 4
48 40 4
48 41 4
48 42 4
48 43 4
48 44 4
48 45 4
48 46 4
48 47 4
48 54 4
48 55 4
48 56 4
48 57 4
48 59 4
48 61 4
48 63 4
48 65 4
48 66 4
48 68 4
48 69 4
48 70 4
48 71 4
48 72 4
48 73 4
48 75 4
48 77 4
48 79 4
48 81 4
48 82 4
48 83 4
48 84 4
48 85 4
48 86 4
48 87 4
48 88 4
48 89 4
48 91 4
48 94 4
48 95 4
48 97 4
48 99 4
48 100 4
49 2 4
49 3 4
49 5 4
49 6 4
49 7 4
49 8 4
49 9 4
49 10 4
49 12 4
49 13 4
49 14 4
49 17 4
49 18 4
49 19 4
49 20 4
49 21 4
49 22 4
49 23 4
49 24 4
49 26 4
49 27 4
49 28 4
49 29 4
49 30 4
49 31 4
49 32 4
49 38 4
49 43 4
49 45 4
49 46 4
49 48 4
49 50 4
49 51 4
49 52 4
49 53 4
49 54 4
49 55 4
49 56 4
49 57 4
49 58 4
49 60 4
49 61 4
49 62 4
49 64 4
49 66 4
49 67 4
49 68 4
49 70 4
49 71 4
49 73 4
49 74 4
49 75 4
49 76 4
49 77 4
49 78 4
49 79 4
49 80 4
49 81 4
49 82 4
49 83 4
49 84 4
49 85 4
49 86 4
49 87 4
49 89 4
49 90 4
49 91 4
49 92 4
49 93 4
49 94 4
49 95 4
49 96 4
49 98 4
49 99 4
50 1 4
50 3 4
50 5 4
50 6 4
50 7 4
50 8 4
50 9 4
50 11 4
50 12 4
50 13 4
50 14 4
50 15 4
50 18 4
50 19 4
50 21 4
50 22 4
50 23 4
50 24 4
50 25 4
50 26 4
50 27 4
50 28 4
50 30 4
50 31 4
50 32 4
50 33 4
50 34 4
50 35 4
50 37 4
50 38 4
50 39 4
50 40 4
50 41 4
50 42 4
50 45 4
50 47 4
50 48 4
50 50 4
50 51 4
50 52 4
50 54 4
50 55 4
50 56 4
50 58 4
50 61 4
50 62 4
50 63 4
50 64 4
50 65 4
50 67 4
50 70 4
50 71 4
50 72 4
50 73 4
50 74 4
50 75 4
50 76 4
50 77 4
50 78 4
50 80 4
50 81 4
50 83 4
50 84 4
50 85 4
50 86 4
50 88 4
50 89 4
50 90 4
50 91 4
50 92 4
50 93 4
50 94 4
50 95 4
50 96 4
50 97 4
50 98 4
50 99 4
50 100 4
51 1 4
51 2 4
51 4 4
51 6 4
51 8 4
51 11 4
51 15 4
51 16 4
51 18 4
51 19 4
51 20 4
51 21 4
51 22 4
51 24 4
51 27 4
51 28 4
51 29 4
51 30 4
51 31 4
51 32 4
51 34 4
51 36 4
51 41 4
51 42 4
51 44 4
51 45 4
51 46 4
51 47 4
51 49 4
51 52 4
51 55 4
51 56 4
51 57 4
51 58 4
51 61 4
51 63 4
51 64 4
51 65 4
51 67 4
51 68 4
51 69 4
51 70 4
51 73 4
51 74 4
51 75 4
51 76 4
51 77 4
51 78 4
51 79 4
51 80 4
51 82 4
51 83 4
51 84 4
51 85 4
51 87 4
51 88 4
51 89 4
51 93 4
51 95 4
51 97 4
52 1 4
52 2 4
52 3 4
52 4 4
52 6 4
52 7 4
52 8 4
52 9 4
52 10 4
52 11 4
52 12 4
52 13 4
52 14 4
52 15 4
52 16 4
52 17 4
52 18 4
52 19 4
52 21 4
52 22 4
52 23 4
52 25 4
52 26 4
52 27 4
52 28 4
52 29 4
52 31 4
52 33 4
52 36 4
52 37 4
52 39 4
52 40 4
52 41 4
52 42 4
52 43 4
52 44 4
52 45 4
52 46 4
52 47 4
52 48 4
52 51 4
52 52 4
52 53 4
52 54 4
52 56 4
52 57 4
52 58 4
52 60 4
52 61 4
52 62 4
52 65 4
52 66 4
52 68 4
52 74 4
52 75 4
52 76 4
52 78 4
52 79 4
52 81 4
52 82 4
52 83 4
52 84 4
52 85 4
52 86 4
52 87 4
52 90 4
52 93 4
52 94 4
52 95 4
52 96 4
52 97 4
52 99 4
52 100 4
53 3 4
53 4 4
53 5 4
53 6 4
53 8 4
53 12 4
53 13 4
53 14 4
53 15 4
53 16 4
53 17 4
53 18 4
53 19 4
53 21 4
53 22 4
53 24 4
53 25 4
53 26 4
53 27 4
53 28 4
53 29 4
53 31 4
53 32 4
53 33 4
53 34 4
53 35 4
53 36 4
53 38 4
53 41 4
53 43 4
53 44 4
53 45 4
53 46 4
53 48 4
53 50 4
53 53 4
53 54 4
53 55 4
53 56 4
53 57 4
53 58 4
53 62 4
53 64 4
53 66 4
53 70 4
53 72 4
53 76 4
53 77 4
53 79 4
53 80 4
53 81 4
53 82 4
53 84 4
53 85 4
53 87 4
53 90 4
53 91 4
53 94 4
53 95 4
53 96 4
53 97 4
53 98 4
53 100 4
54 1 4
54 3 4
54 4 4
54 5 4
54 6 4
54 7 4
54 8 4
54 9 4
54 10 4
54 12 4
54 13 4
54 14 4
54 15 4
54 16 4
54 18 4
54 20 4
54 23 4
54 26 4
54 28 4
54 29 4
54 31 4
54 33 4
54 36 4
54 37 4
54 39 4
54 40 4
54 41 4
54 42 4
54 43 4
54 44 4
54 46 4
54 47 4
54 48 4
54 49 4
54 50 4
54 51 4
54 52 4
54 56 4
54 57 4
54 58 4
54 59 4
54 60 4
54 61 4
54 62 4
54 63 4
54 64 4
54 65 4
54 67 4
54 68 4
54 69 4
54 71 4
54 73 4
54 75 4
54 76 4
54 77 4
54 78 4
54 79 4
54 80 4
54 81 4
54 82 4
54 83 4
54 84 4
54 85 4
54 87 4
54 89 4
54 90 4
54 92 4
54 93 4
54 95 4
54 96 4
54 97 4
54 98 4
54 100 4
55 1 4
55 2 4
55 3 4
55 6 4
55 8 4
55 9 4
55 11 4
55 12 4
55 13 4
55 14 4
55 15 4
55 16 4
55 17 4
55 18 4
55 19 4
55 21 4
55 22 4
55 23 4
55 24 4
55 26 4
55 27 4
55 29 4
55 31 4
55 33 4
55 34 4
55 35 4
55 36 4
55 37 4
55 39 4
55 40 4
55 41 4
55 42 4
55 43 4
55 45 4
55 46 4
55 47 4
55 48 4
55 49 4
55 53 4
55 54 4
55 55 4
55 56 4
55 57 4
55 58 4
55 59 4
55 60 4
55 61 4
55 62 4
55 63 4
55 64 4
55 65 4
55 66 4
55 69 4
55 70 4
55 73 4
55 76 4
55 77 4
55 79 4
55 80 4
55 81 4
55 83 4
55 86 4
55 88 4
55 89 4
55 90 4
55 91 4
55 92 4
55 93 4
55 94 4
55 95 4
55 96 4
55 97 4
55 99 4
55 100 4
56 7 4
56 8 4
56 9 4
56 10 4
56 12 4
56 13 4
56 14 4
56 16 4
56 17 4
56 18 4
56 19 4
56 20 4
56 21 4
56 24 4
56 26 4
56 27 4
56 28 4
56 29 4
56 31 4
56 32 4
56 33 4
56 34 4
56 35 4
56 36 4
56 38 4
56 39 4
56 40 4
56 41 4
56 42 4
56 43 4
56 44 4
56 45 4
56 46 4
56 47 4
56 50 4
56 51 4
56 52 4
56 54 4
56 55 4
56 57 4
56 58 4
56 60 4
56 61 4
56 64 4
56 65 4
56 66 4
56 68 4
56 69 4
56 71 4
56 72 4
56 73 4
56 74 4
56 75 4
56 77 4
56 78 4
56 80 4
56 82 4
56 83 4
56 84 4
56 85 4
56 88 4
56 89 4
56 90 4
56 91 4
56 92 4
56 93 4
56 94 4
56 95 4
56 96 4
56 99 4
56 100 4
57 1 4
57 3 4
57 5 4
57 6 4
57 7 4
57 8 4
57 9 4
57 10 4
57 11 4
57 12 4
57 13 4
57 14 4
57 20 4
57 21 4
57 22 4
57 23 4
57 24 4
57 25 4
57 26 4
57 27 4
57 31 4
57 33 4
57 34 4
57 35 4
57 37 4
57 38 4
57 39 4
57 41 4
57 42 4
57 43 4
57 45 4
57 46 4
57 47 4
57 49 4
57 50 4
57 53 4
57 55 4
57 56 4
57 58 4
57 59 4
57 60 4
57 61 4
57 62 4
57 65 4
57 66 4
57 67 4
57 70 4
57 71 4
57 76 4
57 78 4
57 80 4
57 81 4
57 83 4
57 84 4
57 86 4
57 87 4
57 88 4
57 89 4
57 90 4
57 93 4
57 94 4
57 95 4
57 96 4
57 97 4
58 1 4
58 2 4
58 3 4
58 6 4
58 7 4
58 8 4
58 9 4
58 11 4
58 12 4
58 14 4
58 15 4
58 16 4
58 17 4
58 18 4
58 19 4
58 20 4
58 21 4
58 22 4
58 23 4
58 26 4
58 28 4
58 29 4
58 30 4
58 31 4
58 32 4
58 33 4
58 34 4
58 35 4
58 37 4
58 38 4
58 39 4
58 40 4
58 41 4
58 45 4
58 46 4
58 47 4
58 49 4
58 50 4
58 51 4
58 54 4
58 55 4
58 56 4
58 59 4
58 60 4
58 61 4
58 62 4
58 63 4
58 65 4
58 66 4
58 67 4
58 68 4
58 69 4
58 70 4
58 72 4
58 73 4
58 74 4
58 75 4
58 77 4
58 78 4
58 79 4
58 80 4
58 81 4
58 83 4
58 84 4
58 85 4
58 87 4
58 88 4
58 89 4
58 91 4
58 92 4
58 93 4
58 94 4
58 95 4
58 96 4
58 100 4
59 2 4
59 3 4
59 4 4
59 5 4
59 6 4
59 8 4
59 11 4
59 13 4
59 14 4
59 15 4
59 16 4
59 17 4
59 18 4
59 19 4
59 20 4
59 21 4
59 22 4
59 23 4
59 25 4
59 26 4
59 27 4
59 28 4
59 29 4
59 30 4
59 31 4
59 33 4
59 34 4
59 35 4
59 36 4
59 38 4
59 39 4
59 40 4
59 41 4
59 42 4
59 43 4
59 45 4
59 46 4
59 47 4
59 49 4
59 50 4
59 52 4
59 53 4
59 54 4
59 55 4
59 57 4
59 60 4
59 61 4
59 62 4
59 63 4
59 64 4
59 65 4
59 66 4
59 67 4
59 70 4
59 76 4
59 77 4
59 82 4
59 86 4
59 87 4
59 89 4
59 90 4
59 91 4
59 92 4
59 93 4
59 94 4
59 96 4
59 97 4
59 98 4
60 1 4
60 2 4
60 3 4
60 4 4
60 5 4
60 6 4
60 7 4
60 8 4
60 9 4
60 11 4
60 12 4
60 13 4
60 17 4
60 18 4
60 19 4
60 20 4
60 21 4
60 23 4
60 25 4
60 29 4
60 31 4
60 32 4
60 34 4
60 36 4
60 38 4
60 41 4
60 42 4
60 43 4
60 44 4
60 46 4
60 50 4
60 51 4
60 52 4
60 54 4
60 55 4
60 56 4
60 57 4
60 58 4
60 60 4
60 61 4
60 63 4
60 64 4
60 66 4
60 67 4
60 69 4
60 70 4
60 74 4
60 75 4
60 76 4
60 77 4
60 78 4
60 79 4
60 82 4
60 83 4
60 84 4
60 85 4
60 87 4
60 89 4
60 90 4
60 91 4
60 92 4
60 93 4
60 94 4
60 95 4
60 96 4
60 97 4
60 100 4
61 2 4
61 4 4
61 5 4
61 6 4
61 7 4
61 9 4
61 10 4
61 12 4
61 13 4
61 14 4
61 15 4
61 16 4
61 19 4
61 20 4
61 21 4
61 22 4
61 23 4
61 24 4
61 25 4
61 26 4
61 27 4
61 28 4
61 31 4
61 32 4
61 33 4
61 34 4
61 36 4
61 37 4
61 38 4
61 39 4
61 41 4
61 42 4
61 44 4
61 46 4
61 47 4
61 49 4
61 50 4
61 51 4
61 52 4
61 53 4
61 54 4
61 55 4
61 57 4
61 58 4
61 59 4
61 61 4
61 65 4
61 69 4
61 70 4
61 71 4
61 72 4
61 74 4
61 75 4
61 77 4
61 79 4
61 80 4
61 81 4
61 82 4
61 83 4
61 86 4
61 88 4
61 89 4
61 91 4
61 92 4
61 93 4
61 94 4
61 95 4
61 96 4
61 97 4
61 98 4
62 1 4
62 2 4
62 5 4
62 6 4
62 7 4
62 8 4
62 9 4
62 10 4
62 15 4
62 16 4
62 17 4
62 18 4
62 19 4
62 21 4
62 24 4
62 25 4
62 26 4
62 29 4
62 31 4
62 33 4
62 34 4
62 35 4
62 38 4
62 39 4
62 40 4
62 41 4
62 42 4
62 43 4
62 45 4
62 46 4
62 50 4
62 56 4
62 57 4
62 58 4
62 59 4
62 60 4
62 62 4
62 63 4
62 64 4
62 65 4
62 66 4
62 67 4
62 69 4
62 70 4
62 71 4
62 72 4
62 73 4
62 74 4
62 76 4
62 77 4
62 81 4
62 83 4
62 87 4
62 88 4
62 89 4
62 90 4
62 91 4
62 92 4
62 93 4
62 95 4
62 96 4
62 98 4
62 99 4
63 1 4
63 2 4
63 3 4
63 4 4
63 5 4
63 6 4
63 8 4
63 9 4
63 10 4
63 12 4
63 13 4
63 14 4
63 15 4
63 16 4
63 18 4
63 20 4
63 21 4
63 22 4
63 23 4
63 24 4
63 25 4
63 27 4
63 30 4
63 31 4
63 32 4
63 33 4
63 34 4
63 35 4
63 36 4
63 37 4
63 40 4
63 41 4
63 42 4
63 44 4
63 45 4
63 47 4
63 48 4
63 50 4
63 52 4
63 54 4
63 55 4
63 56 4
63 57 4
63 61 4
63 62 4
63 64 4
63 66 4
63 67 4
63 68 4
63 69 4
63 71 4
63 73 4
63 75 4
63 76 4
63 78 4
63 79 4
63 80 4
63 82 4
63 84 4
63 87 4
63 88 4
63 89 4
63 90 4
63 91 4
63 92 4
63 93 4
63 94 4
63 95 4
63 98 4
63 99 4
63 100 4
64 2 4
64 4 4
64 5 4
64 6 4
64 7 4
64 8 4
64 9 4
64 10 4
64 11 4
64 12 4
64 14 4
64 15 4
64 16 4
64 17 4
64 19 4
64 21 4
64 22 4
64 24 4
64 25 4
64 26 4
64 27 4
64 31 4
64 32 4
64 33 4
64 35 4
64 36 4
64 37 4
64 38 4
64 40 4
64 41 4
64 44 4
64 45 4
64 46 4
64 47 4
64 50 4
64 51 4
64 52 4
64 54 4
64 55 4
64 56 4
64 57 4
64 58 4
64 59 4
64 62 4
64 64 4
64 65 4
64 68 4
64 69 4
64 70 4
64 71 4
64 72 4
64 73 4
64 74 4
64 75 4
64 76 4
64 77 4
64 78 4
64 79 4
64 80 4
64 81 4
64 82 4
64 83 4
64 85 4
64 86 4
64 95 4
64 97 4
64 98 4
64 100 4
65 1 4
65 2 4
65 3 4
65 4 4
65 5 4
65 7 4
65 8 4
65 10 4
65 11 4
65 12 4
65 13 4
65 14 4
65 15 4
65 16 4
65 17 4
65 18 4
65 19 4
65 20 4
65 21 4
65 22 4
65 23 4
65 25 4
65 28 4
65 29 4
65 31 4
65 32 4
65 33 4
65 34 4
65 35 4
65 36 4
65 37 4
65 39 4
65 40 4
65 41 4
65 43 4
65 44 4
65 46 4
65 47 4
65 49 4
65 50 4
65 52 4
65 53 4
65 55 4
65 56 4
65 57 4
65 58 4
65 60 4
65 61 4
65 62 4
65 64 4
65 66 4
65 67 4
65 71 4
65 73 4
65 76 4
65 78 4
65 79 4
65 80 4
65 81 4
65 83 4
65 85 4
65 86 4
65 87 4
65 89 4
65 90 4
65 91 4
65 92 4
65 93 4
65 94 4
65 95 4
65 96 4
65 97 4
65 98 4
65 99 4
66 2 4
66 3 4
66 4 4
66 6 4
66 8 4
66 10 4
66 11 4
66 13 4
66 15 4
66 16 4
66 17 4
66 18 4
66 19 4
66 20 4
66 21 4
66 23 4
66 25 4
66 30 4
66 32 4
66 35 4
66 36 4
66 38 4
66 39 4
66 40 4
66 42 4
66 43 4
66 45 4
66 47 4
66 48 4
66 49 4
66 51 4
66 52 4
66 53 4
66 54 4
66 55 4
66 56 4
66 57 4
66 58 4
66 61 4
66 62 4
66 63 4
66 64 4
66 65 4
66 67 4
66 69 4
66 70 4
66 71 4
66 72 4
66 73 4
66 74 4
66 75 4
66 76 4
66 77 4
66 80 4
66 81 4
66 82 4
66 83 4
66 84 4
66 86 4
66 89 4
66 90 4
66 93 4
66 96 4
66 97 4
66 98 4
66 99 4
67 2 4
67 3 4
67 7 4
67 10 4
67 12 4
67 15 4
67 17 4
67 18 4
67 19 4
67 20 4
67 21 4
67 22 4
67 23 4
67 25 4
67 26 4
67 28 4
67 29 4
67 31 4
67 32 4
67 33 4
67 34 4
67 35 4
67 37 4
67 38 4
67 40 4
67 42 4
67 44 4
67 45 4
67 47 4
67 49 4
67 51 4
67 52 4
67 54 4
67 57 4
67 59 4
67 62 4
67 63 4
67 64 4
67 65 4
67 66 4
67 67 4
67 68 4
67 69 4
67 70 4
67 71 4
67 72 4
67 73 4
67 74 4
67 75 4
67 77 4
67 79 4
67 80 4
67 82 4
67 85 4
67 86 4
67 87 4
67 88 4
67 89 4
67 90 4
67 91 4
67 92 4
67 93 4
67 94 4
67 95 4
67 96 4
67 97 4
67 100 4
68 1 4
68 2 4
68 4 4
68 5 4
68 6 4
68 7 4
68 9 4
68 10 4
68 11 4
68 12 4
68 13 4
68 14 4
68 15 4
68 17 4
68 20 4
68 21 4
68 22 4
68 23 4
68 25 4
68 27 4
68 28 4
68 29 4
68 31 4
68 33 4
68 35 4
68 37 4
68 38 4
68 39 4
68 40 4
68 41 4
68 43 4
68 45 4
68 46 4
68 47 4
68 48 4
68 49 4
68 50 4
68 51 4
68 52 4
68 54 4
68 56 4
68 57 4
68 58 4
68 59 4
68 60 4
68 61 4
68 65 4
68 66 4
68 67 4
68 68 4
68 69 4
68 72 4
68 73 4
68 74 4
68 75 4
68 76 4
68 78 4
68 79 4
68 80 4
68 81 4
68 82 4
68 83 4
68 84 4
68 85 4
68 86 4
68 89 4
68 90 4
68 91 4
68 92 4
68 94 4
68 96 4
68 97 4
68 99 4
68 100 4
69 1 4
69 2 4
69 3 4
69 4 4
69 5 4
69 6 4
69 8 4
69 9 4
69 10 4
69 11 4
69 15 4
69 16 4
69 19 4
69 21 4
69 23 4
69 25 4
69 27 4
69 28 4
69 29 4
69 30 4
69 31 4
69 34 4
69 35 4
69 36 4
69 37 4
69 38 4
69 39 4
69 40 4
69 43 4
69 44 4
69 48 4
69 50 4
69 52 4
69 53 4
69 54 4
69 55 4
69 56 4
69 57 4
69 58 4
69 59 4
69 62 4
69 63 4
69 64 4
69 65 4
69 66 4
69 68 4
69 70 4
69 72 4
69 73 4
69 75 4
69 76 4
69 77 4
69 79 4
69 80 4
69 82 4
69 83 4
69 84 4
69 86 4
69 87 4
69 90 4
69 92 4
69 94 4
69 95 4
69 97 4
70 1 4
70 2 4
70 3 4
70 4 4
70 7 4
70 8 4
70 9 4
70 10 4
70 12 4
70 13 4
70 14 4
70 15 4
70 16 4
70 17 4
70 18 4
70 19 4
70 21 4
70 22 4
70 23 4
70 24 4
70 26 4
70 28 4
70 30 4
70 31 4
70 32 4
70 33 4
70 35 4
70 36 4
70 37 4
70 38 4
70 40 4
70 41 4
70 42 4
70 44 4
70 46 4
70 47 4
70 48 4
70 49 4
70 50 4
70 51 4
70 52 4
70 53 4
70 54 4
70 55 4
70 57 4
70 58 4
70 61 4
70 63 4
70 64 4
70 65 4
70 66 4
70 67 4
70 68 4
70 69 4
70 70 4
70 71 4
70 72 4
70 73 4
70 74 4
70 76 4
70 78 4
70 79 4
70 81 4
70 82 4
70 84 4
70 86 4
70 89 4
70 91 4
70 92 4
70 95 4
70 96 4
70 97 4
70 98 4
71 3 4
71 5 4
71 6 4
71 7 4
71 8 4
71 9 4
71 10 4
71 11 4
71 13 4
71 15 4
71 16 4
71 18 4
71 19 4
71 20 4
71 23 4
71 25 4
71 26 4
71 27 4
71 28 4
71 29 4
71 32 4
71 35 4
71 36 4
71 37 4
71 38 4
71 39 4
71 40 4
71 41 4
71 43 4
71 45 4
71 47 4
71 48 4
71 52 4
71 53 4
71 56 4
71 60 4
71 61 4
71 62 4
71 63 4
71 64 4
71 66 4
71 67 4
71 69 4
71 73 4
71 74 4
71 75 4
71 76 4
71 77 4
71 80 4
71 82 4
71 83 4
71 84 4
71 85 4
71 87 4
71 89 4
71 91 4
71 92 4
71 97 4
71 99 4
71 100 4
72 1 4
72 5 4
72 7 4
72 8 4
72 10 4
72 11 4
72 12 4
72 13 4
72 14 4
72 15 4
72 16 4
72 17 4
72 18 4
72 19 4
72 21 4
72 22 4
72 23 4
72 24 4
72 25 4
72 26 4
72 27 4
72 28 4
72 29 4
72 30 4
72 31 4
72 32 4
72 33 4
72 34 4
72 37 4
72 40 4
72 41 4
72 42 4
72 43 4
72 44 4
72 46 4
72 47 4
72 50 4
72 51 4
72 53 4
72 54 4
72 55 4
72 57 4
72 58 4
72 59 4
72 67 4
72 68 4
72 70 4
72 71 4
72 72 4
72 74 4
72 75 4
72 76 4
72 77 4
72 78 4
72 79 4
72 81 4
72 82 4
72 83 4
72 84 4
72 86 4
72 87 4
72 90 4
72 91 4
72 92 4
72 95 4
72 96 4
72 99 4
72 100 4
73 1 4
73 4 4
73 6 4
73 7 4
73 8 4
73 9 4
73 11 4
73 15 4
73 16 4
73 17 4
73 18 4
73 20 4
73 21 4
73 22 4
73 23 4
73 25 4
73 29 4
73 30 4
73 31 4
73 32 4
73 34 4
73 36 4
73 40 4
73 42 4
73 43 4
73 44 4
73 45 4
73 48 4
73 49 4
73 51 4
73 52 4
73 53 4
73 55 4
73 56 4
73 57 4
73 58 4
73 59 4
73 61 4
73 62 4
73 64 4
73 67 4
73 69 4
73 70 4
73 71 4
73 74 4
73 75 4
73 76 4
73 78 4
73 79 4
73 81 4
73 82 4
73 83 4
73 84 4
73 86 4
73 87 4
73 88 4
73 89 4
73 90 4
73 91 4
73 94 4
73 95 4
73 96 4
73 99 4
74 1 4
74 2 4
74 3 4
74 4 4
74 6 4
74 8 4
74 9 4
74 10 4
74 12 4
74 14 4
74 15 4
74 18 4
74 19 4
74 23 4
74 24 4
74 26 4
74 27 4
74 28 4
74 29 4
74 30 4
74 31 4
74 32 4
74 34 4
74 35 4
74 37 4
74 38 4
74 39 4
74 40 4
74 41 4
74 42 4
74 43 4
74 44 4
74 45 4
74 47 4
74 48 4
74 49 4
74 50 4
74 51 4
74 52 4
74 54 4
74 56 4
74 57 4
74 58 4
74 59 4
74 61 4
74 62 4
74 63 4
74 64 4
74 65 4
74 66 4
74 68 4
74 69 4
74 70 4
74 72 4
74 73 4
74 74 4
74 77 4
74 78 4
74 80 4
74 82 4
74 85 4
74 87 4
74 88 4
74 89 4
74 90 4
74 92 4
74 94 4
74 95 4
74 97 4
74 98 4
74 100 4
75 1 4
75 4 4
75 6 4
75 12 4
75 13 4
75 14 4
75 15 4
75 17 4
75 19 4
75 20 4
75 21 4
75 22 4
75 23 4
75 24 4
75 25 4
75 27 4
75 28 4
75 29 4
75 32 4
75 33 4
75 34 4
75 35 4
75 36 4
75 37 4
75 38 4
75 39 4
75 40 4
75 41 4
75 43 4
75 44 4
75 45 4
75 47 4
75 49 4
75 50 4
75 51 4
75 54 4
75 56 4
75 58 4
75 59 4
75 61 4
75 62 4
75 63 4
75 64 4
75 65 4
75 66 4
75 68 4
75 69 4
75 70 4
75 71 4
75 72 4
75 73 4
75 75 4
75 76 4
75 77 4
75 78 4
75 80 4
75 81 4
75 82 4
75 85 4
75 86 4
75 88 4
75 89 4
75 90 4
75 91 4
75 92 4
75 93 4
75 94 4
75 95 4
75 96 4
75 97 4
75 98 4
75 99 4
76 2 4
76 3 4
76 5 4
76 6 4
76 8 4
76 9 4
76 12 4
76 13 4
76 14 4
76 15 4
76 16 4
76 17 4
76 18 4
76 20 4
76 21 4
76 22 4
76 23 4
76 24 4
76 25 4
76 27 4
76 29 4
76 31 4
76 32 4
76 33 4
76 34 4
76 35 4
76 37 4
76 39 4
76 40 4
76 41 4
76 42 4
76 43 4
76 46 4
76 47 4
76 48 4
76 49 4
76 50 4
76 51 4
76 53 4
76 55 4
76 56 4
76 57 4
76 59 4
76 60 4
76 61 4
76 62 4
76 63 4
76 64 4
76 66 4
76 67 4
76 68 4
76 70 4
76 71 4
76 72 4
76 73 4
76 74 4
76 77 4
76 78 4
76 79 4
76 83 4
76 85 4
76 86 4
76 89 4
76 90 4
76 92 4
76 93 4
76 94 4
76 97 4
76 100 4
77 1 4
77 2 4
77 3 4
77 4 4
77 5 4
77 6 4
77 7 4
77 8 4
77 9 4
77 10 4
77 11 4
77 12 4
77 13 4
77 15 4
77 16 4
77 17 4
77 18 4
77 19 4
77 21 4
77 23 4
77 26 4
77 27 4
77 30 4
77 31 4
77 32 4
77 33 4
77 36 4
77 37 4
77 41 4
77 42 4
77 43 4
77 44 4
77 45 4
77 46 4
77 50 4
77 54 4
77 56 4
77 57 4
77 58 4
77 60 4
77 62 4
77 63 4
77 64 4
77 65 4
77 66 4
77 67 4
77 68 4
77 69 4
77 72 4
77 74 4
77 75 4
77 77 4
77 78 4
77 79 4
77 80 4
77 81 4
77 82 4
77 84 4
77 85 4
77 86 4
77 87 4
77 89 4
77 91 4
77 93 4
77 94 4
77 95 4
77 96 4
77 97 4
77 98 4
77 99 4
77 100 4
78 1 4
78 2 4
78 4 4
78 6 4
78 9 4
78 11 4
78 12 4
78 13 4
78 14 4
78 15 4
78 16 4
78 18 4
78 20 4
78 21 4
78 23 4
78 24 4
78 25 4
78 26 4
78 27 4
78 28 4
78 29 4
78 30 4
78 31 4
78 33 4
78 38 4
78 39 4
78 40 4
78 41 4
78 42 4
78 43 4
78 44 4
78 46 4
78 47 4
78 48 4
78 49 4
78 51 4
78 52 4
78 54 4
78 55 4
78 57 4
78 58 4
78 60 4
78 61 4
78 63 4
78 64 4
78 65 4
78 66 4
78 67 4
78 69 4
78 70 4
78 71 4
78 72 4
78 73 4
78 74 4
78 75 4
78 76 4
78 78 4
78 79 4
78 83 4
78 84 4
78 85 4
78 86 4
78 87 4
78 88 4
78 89 4
78 90 4
78 92 4
78 95 4
78 97 4
78 98 4
78 100 4
79 1 4
79 2 4
79 4 4
79 6 4
79 7 4
79 8 4
79 9 4
79 11 4
79 12 4
79 13 4
79 15 4
79 17 4
79 18 4
79 19 4
79 20 4
79 21 4
79 22 4
79 23 4
79 24 4
79 25 4
79 26 4
79 28 4
79 29 4
79 30 4
79 31 4
79 32 4
79 34 4
79 35 4
79 37 4
79 40 4
79 41 4
79 44 4
79 45 4
79 47 4
79 48 4
79 50 4
79 51 4
79 52 4
79 56 4
79 57 4
79 58 4
79 60 4
79 62 4
79 64 4
79 65 4
79 66 4
79 67 4
79 69 4
79 70 4
79 71 4
79 72 4
79 73 4
79 74 4
79 75 4
79 76 4
79 77 4
79 78 4
79 79 4
79 80 4
79 81 4
79 88 4
79 89 4
79 91 4
79 92 4
79 94 4
79 95 4
79 97 4
79 98 4
79 99 4
79 100 4
80 1 4
80 4 4
80 5 4
80 6 4
80 7 4
80 8 4
80 9 4
80 10 4
80 11 4
80 13 4
80 16 4
80 17 4
80 18 4
80 19 4
80 21 4
80 23 4
80 25 4
80 29 4
80 30 4
80 33 4
80 34 4
80 35 4
80 39 4
80 40 4
80 41 4
80 42 4
80 43 4
80 45 4
80 46 4
80 47 4
80 48 4
80 50 4
80 51 4
80 53 4
80 54 4
80 55 4
80 56 4
80 57 4
80 59 4
80 60 4
80 61 4
80 62 4
80 63 4
80 64 4
80 65 4
80 66 4
80 67 4
80 70 4
80 71 4
80 72 4
80 74 4
80 75 4
80 76 4
80 78 4
80 79 4
80 81 4
80 82 4
80 83 4
80 85 4
80 86 4
80 87 4
80 88 4
80 89 4
80 92 4
80 94 4
80 96 4
80 97 4
80 98 4
80 99 4
81 1 4
81 3 4
81 4 4
81 8 4
81 9 4
81 12 4
81 13 4
81 16 4
81 17 4
81 18 4
81 19 4
81 20 4
81 22 4
81 24 4
81 25 4
81 26 4
81 28 4
81 29 4
81 32 4
81 33 4
81 34 4
81 35 4
81 36 4
81 37 4
81 38 4
81 40 4
81 41 4
81 42 4
81 43 4
81 44 4
81 46 4
81 48 4
81 49 4
81 50 4
81 51 4
81 52 4
81 53 4
81 54 4
81 56 4
81 57 4
81 58 4
81 59 4
81 60 4
81 61 4
81 62 4
81 63 4
81 65 4
81 66 4
81 67 4
81 70 4
81 71 4
81 72 4
81 73 4
81 77 4
81 78 4
81 79 4
81 81 4
81 82 4
81 83 4
81 84 4
81 85 4
81 91 4
81 92 4
81 93 4
81 97 4
81 98 4
81 100 4
82 1 4
82 5 4
82 6 4
82 8 4
82 9 4
82 10 4
82 12 4
82 13 4
82 14 4
82 15 4
82 16 4
82 17 4
82 21 4
82 22 4
82 23 4
82 24 4
82 25 4
82 26 4
82 27 4
82 28 4
82 30 4
82 31 4
82 34 4
82 35 4
82 36 4
82 39 4
82 40 4
82 41 4
82 42 4
82 43 4
82 44 4
82 45 4
82 46 4
82 47 4
82 48 4
82 49 4
82 50 4
82 51 4
82 54 4
82 55 4
82 56 4
82 57 4
82 58 4
82 59 4
82 63 4
82 64 4
82 65 4
82 66 4
82 67 4
82 69 4
82 73 4
82 74 4
82 75 4
82 76 4
82 77 4
82 78 4
82 79 4
82 80 4
82 81 4
82 83 4
82 84 4
82 86 4
82 87 4
82 88 4
82 89 4
82 90 4
82 91 4
82 94 4
82 96 4
82 97 4
82 98 4
82 99 4
83 2 4
83 4 4
83 5 4
83 6 4
83 7 4
83 9 4
83 10 4
83 11 4
83 12 4
83 14 4
83 15 4
83 20 4
83 21 4
83 22 4
83 24 4
83 25 4
83 26 4
83 28 4
83 29 4
83 30 4
83 31 4
83 34 4
83 35 4
83 36 4
83 37 4
83 38 4
83 43 4
83 44 4
83 45 4
83 48 4
83 49 4
83 51 4
83 55 4
83 56 4
83 57 4
83 61 4
83 62 4
83 64 4
83 65 4
83 66 4
83 67 4
83 68 4
83 70 4
83 71 4
83 74 4
83 75 4
83 76 4
83 79 4
83 81 4
83 82 4
83 83 4
83 84 4
83 85 4
83 87 4
83 88 4
83 90 4
83 91 4
83 92 4
83 93 4
83 95 4
83 96 4
83 97 4
83 98 4
83 99 4
83 100 4
84 1 4
84 2 4
84 5 4
84 7 4
84 8 4
84 9 4
84 12 4
84 13 4
84 18 4
84 19 4
84 21 4
84 22 4
84 23 4
84 24 4
84 25 4
84 26 4
84 27 4
84 28 4
84 30 4
84 32 4
84 34 4
84 38 4
84 40 4
84 43 4
84 44 4
84 46 4
84 47 4
84 48 4
84 49 4
84 50 4
84 51 4
84 53 4
84 55 4
84 56 4
84 57 4
84 59 4
84 60 4
84 61 4
84 62 4
84 63 4
84 64 4
84 65 4
84 67 4
84 68 4
84 69 4
84 71 4
84 72 4
84 73 4
84 74 4
84 75 4
84 76 4
84 77 4
84 78 4
84 79 4
84 80 4
84 81 4
84 82 4
84 83 4
84 84 4
84 85 4
84 86 4
84 87 4
84 88 4
84 89 4
84 90 4
84 91 4
84 92 4
84 93 4
84 95 4
84 96 4
84 97 4
84 98 4
84 99 4
85 1 4
85 2 4
85 3 4
85 5 4
85 6 4
85 7 4
85 8 4
85 12 4
85 13 4
85 14 4
85 15 4
85 16 4
85 18 4
85 19 4
85 20 4
85 21 4
85 22 4
85 24 4
85 25 4
85 26 4
85 27 4
85 28 4
85 29 4
85 30 4
85 33 4
85 34 4
85 35 4
85 38 4
85 39 4
85 40 4
85 44 4
85 45 4
85 47 4
85 49 4
85 50 4
85 53 4
85 55 4
85 57 4
85 58 4
85 59 4
85 63 4
85 67 4
85 68 4
85 69 4
85 70 4
85 71 4
85 73 4
85 74 4
85 76 4
85 78 4
85 79 4
85 80 4
85 81 4
85 82 4
85 83 4
85 84 4
85 85 4
85 86 4
85 87 4
85 88 4
85 91 4
85 92 4
85 93 4
85 94 4
85 95 4
85 96 4
85 98 4
85 99 4
85 100 4
86 1 4
86 2 4
86 3 4
86 4 4
86 7 4
86 8 4
86 9 4
86 10 4
86 11 4
86 12 4
86 13 4
86 14 4
86 15 4
86 16 4
86 17 4
86 19 4
86 21 4
86 23 4
86 24 4
86 25 4
86 27 4
86 29 4
86 31 4
86 32 4
86 33 4
86 34 4
86 35 4
86 36 4
86 37 4
86 39 4
86 40 4
86 42 4
86 43 4
86 45 4
86 46 4
86 49 4
86 50 4
86 51 4
86 52 4
86 53 4
86 55 4
86 56 4
86 57 4
86 59 4
86 61 4
86 62 4
86 63 4
86 64 4
86 66 4
86 67 4
86 68 4
86 71 4
86 72 4
86 73 4
86 74 4
86 77 4
86 78 4
86 80 4
86 82 4
86 83 4
86 84 4
86 85 4
86 87 4
86 88 4
86 89 4
86 91 4
86 93 4
86 94 4
86 97 4
86 98 4
86 99 4
86 100 4
87 1 4
87 2 4
87 3 4
87 5 4
87 6 4
87 7 4
87 11 4
87 12 4
87 13 4
87 15 4
87 16 4
87 17 4
87 18 4
87 20 4
87 22 4
87 25 4
87 26 4
87 27 4
87 28 4
87 29 4
87 31 4
87 36 4
87 37 4
87 38 4
87 44 4
87 45 4
87 46 4
87 47 4
87 48 4
87 49 4
87 50 4
87 51 4
87 52 4
87 53 4
87 54 4
87 55 4
87 56 4
87 57 4
87 59 4
87 61 4
87 62 4
87 63 4
87 64 4
87 65 4
87 66 4
87 67 4
87 69 4
87 70 4
87 71 4
87 72 4
87 74 4
87 75 4
87 76 4
87 78 4
87 79 4
87 81 4
87 82 4
87 83 4
87 85 4
87 88 4
87 90 4
87 91 4
87 92 4
87 93 4
87 94 4
87 95 4
87 96 4
87 99 4
87 100 4
88 2 4
88 4 4
88 6 4
88 7 4
88 9 4
88 10 4
88 11 4
88 14 4
88 15 4
88 17 4
88 18 4
88 19 4
88 20 4
88 21 4
88 22 4
88 23 4
88 24 4
88 27 4
88 28 4
88 29 4
88 31 4
88 32 4
88 33 4
88 34 4
88 37 4
88 39 4
88 40 4
88 42 4
88 44 4
88 45 4
88 46 4
88 49 4
88 50 4
88 52 4
88 55 4
88 56 4
88 57 4
88 58 4
88 59 4
88 61 4
88 63 4
88 64 4
88 67 4
88 69 4
88 70 4
88 73 4
88 74 4
88 76 4
88 77 4
88 80 4
88 81 4
88 83 4
88 85 4
88 86 4
88 87 4
88 88 4
88 89 4
88 90 4
88 92 4
88 93 4
88 94 4
88 95 4
88 96 4
88 97 4
88 98 4
88 99 4
88 100 4
89 1 4
89 2 4
89 4 4
89 5 4
89 7 4
89 9 4
89 12 4
89 13 4
89 15 4
89 16 4
89 17 4
89 19 4
89 20 4
89 21 4
89 23 4
89 25 4
89 26 4
89 27 4
89 29 4
89 31 4
89 32 4
89 34 4
89 36 4
89 37 4
89 38 4
89 41 4
89 42 4
89 45 4
89 46 4
89 47 4
89 48 4
89 49 4
89 50 4
89 51 4
89 52 4
89 56 4
89 57 4
89 58 4
89 59 4
89 60 4
89 61 4
89 62 4
89 63 4
89 64 4
89 65 4
89 66 4
89 67 4
89 69 4
89 70 4
89 71 4
89 72 4
89 75 4
89 76 4
89 77 4
89 78 4
89 79 4
89 80 4
89 81 4
89 82 4
89 83 4
89 85 4
89 87 4
89 88 4
89 89 4
89 90 4
89 93 4
89 94 4
89 95 4
89 98 4
89 99 4
89 100 4
90 2 4
90 3 4
90 4 4
90 5 4
90 6 4
90 7 4
90 9 4
90 11 4
90 12 4
90 13 4
90 14 4
90 15 4
90 16 4
90 18 4
90 19 4
90 20 4
90 21 4
90 24 4
90 26 4
90 27 4
90 32 4
90 34 4
90 35 4
90 38 4
90 39 4
90 41 4
90 42 4
90 44 4
90 45 4
90 49 4
90 50 4
90 54 4
90 55 4
90 57 4
90 61 4
90 62 4
90 63 4
90 64 4
90 65 4
90 66 4
90 67 4
90 70 4
90 71 4
90 74 4
90 75 4
90 76 4
90 77 4
90 78 4
90 80 4
90 81 4
90 82 4
90 83 4
90 85 4
90 86 4
90 87 4
90 90 4
90 91 4
90 92 4
90 93 4
90 94 4
90 95 4
90 96 4
90 99 4
90 100 4
91 1 4
91 2 4
91 3 4
91 4 4
91 5 4
91 6 4
91 7 4
91 8 4
91 9 4
91 10 4
91 11 4
91 15 4
91 17 4
91 18 4
91 19 4
91 20 4
91 22 4
91 23 4
91 25 4
91 26 4
91 27 4
91 28 4
91 29 4
91 30 4
91 31 4
91 32 4
91 33 4
91 34 4
91 35 4
91 37 4
91 38 4
91 39 4
91 41 4
91 42 4
91 45 4
91 46 4
91 48 4
91 50 4
91 52 4
91 53 4
91 54 4
91 57 4
91 59 4
91 60 4
91 61 4
91 63 4
91 64 4
91 65 4
91 66 4
91 67 4
91 68 4
91 70 4
91 71 4
91 72 4
91 73 4
91 76 4
91 77 4
91 78 4
91 79 4
91 80 4
91 81 4
91 82 4
91 83 4
91 84 4
91 86 4
91 87 4
91 89 4
91 91 4
91 92 4
91 95 4
91 96 4
91 97 4
91 98 4
91 99 4
92 2 4
92 5 4
92 8 4
92 9 4
92 11 4
92 12 4
92 13 4
92 14 4
92 16 4
92 17 4
92 18 4
92 19 4
92 22 4
92 23 4
92 24 4
92 25 4
92 27 4
92 28 4
92 29 4
92 33 4
92 34 4
92 36 4
92 37 4
92 38 4
92 39 4
92 41 4
92 42 4
92 45 4
92 48 4
92 49 4
92 50 4
92 52 4
92 53 4
92 54 4
92 55 4
92 56 4
92 58 4
92 59 4
92 60 4
92 62 4
92 63 4
92 65 4
92 66 4
92 67 4
92 68 4
92 69 4
92 70 4
92 71 4
92 74 4
92 75 4
92 79 4
92 81 4
92 82 4
92 84 4
92 85 4
92 87 4
92 90 4
92 91 4
92 92 4
92 93 4
92 97 4
92 100 4
93 1 4
93 2 4
93 3 4
93 4 4
93 6 4
93 7 4
93 10 4
93 11 4
93 12 4
93 13 4
93 14 4
93 16 4
93 17 4
93 18 4
93 19 4
93 20 4
93 21 4
93 22 4
93 24 4
93 25 4
93 26 4
93 27 4
93 28 4
93 29 4
93 31 4
93 32 4
93 33 4
93 34 4
93 36 4
93 37 4
93 38 4
93 40 4
93 42 4
93 44 4
93 45 4
93 46 4
93 47 4
93 48 4
93 49 4
93 51 4
93 52 4
93 53 4
93 54 4
93 55 4
93 56 4
93 57 4
93 58 4
93 59 4
93 61 4
93 62 4
93 64 4
93 65 4
93 66 4
93 67 4
93 68 4
93 70 4
93 71 4
93 73 4
93 74 4
93 77 4
93 78 4
93 79 4
93 80 4
93 83 4
93 84 4
93 85 4
93 86 4
93 88 4
93 89 4
93 90 4
93 91 4
93 92 4
93 93 4
93 94 4
93 95 4
93 96 4
94 1 4
94 2 4
94 3 4
94 4 4
94 5 4
94 7 4
94 8 4
94 9 4
94 10 4
94 11 4
94 13 4
94 17 4
94 19 4
94 22 4
94 24 4
94 25 4
94 26 4
94 27 4
94 33 4
94 35 4
94 36 4
94 37 4
94 38 4
94 40 4
94 41 4
94 45 4
94 46 4
94 47 4
94 48 4
94 50 4
94 52 4
94 53 4
94 55 4
94 58 4
94 59 4
94 60 4
94 61 4
94 62 4
94 63 4
94 64 4
94 66 4
94 68 4
94 70 4
94 71 4
94 72 4
94 73 4
94 74 4
94 75 4
94 76 4
94 77 4
94 78 4
94 80 4
94 81 4
94 83 4
94 84 4
94 85 4
94 87 4
94 89 4
94 90 4
94 93 4
94 94 4
94 95 4
94 96 4
94 97 4
94 98 4
94 99 4
94 100 4
95 3 4
95 5 4
95 7 4
95 8 4
95 10 4
95 13 4
95 14 4
95 15 4
95 16 4
95 17 4
95 18 4
95 19 4
95 21 4
95 22 4
95 23 4
95 24 4
95 26 4
95 27 4
95 28 4
95 29 4
95 31 4
95 32 4
95 33 4
95 34 4
95 35 4
95 36 4
95 37 4
95 38 4
95 40 4
95 41 4
95 42 4
95 43 4
95 44 4
95 48 4
95 52 4
95 53 4
95 54 4
95 57 4
95 58 4
95 59 4
95 60 4
95 61 4
95 63 4
95 66 4
95 67 4
95 68 4
95 69 4
95 71 4
95 72 4
95 73 4
95 77 4
95 78 4
95 79 4
95 81 4
95 82 4
95 83 4
95 84 4
95 85 4
95 86 4
95 87 4
95 89 4
95 90 4
95 91 4
95 92 4
95 94 4
95 95 4
95 98 4
95 99 4
95 100 4
96 1 4
96 2 4
96 3 4
96 4 4
96 6 4
96 7 4
96 8 4
96 9 4
96 11 4
96 12 4
96 13 4
96 14 4
96 17 4
96 20 4
96 21 4
96 22 4
96 23 4
96 24 4
96 28 4
96 29 4
96 30 4
96 33 4
96 37 4
96 39 4
96 41 4
96 42 4
96 43 4
96 45 4
96 46 4
96 47 4
96 48 4
96 50 4
96 51 4
96 53 4
96 55 4
96 56 4
96 57 4
96 60 4
96 61 4
96 62 4
96 64 4
96 65 4
96 66 4
96 67 4
96 68 4
96 69 4
96 70 4
96 71 4
96 73 4
96 76 4
96 77 4
96 81 4
96 82 4
96 83 4
96 85 4
96 86 4
96 87 4
96 88 4
96 89 4
96 91 4
96 92 4
96 93 4
96 95 4
96 96 4
96 97 4
96 98 4
96 100 4
97 2 4
97 5 4
97 6 4
97 7 4
97 8 4
97 9 4
97 10 4
97 11 4
97 12 4
97 14 4
97 15 4
97 16 4
97 17 4
97 18 4
97 19 4
97 20 4
97 21 4
97 22 4
97 24 4
97 25 4
97 26 4
97 27 4
97 29 4
97 30 4
97 31 4
97 34 4
97 36 4
97 37 4
97 38 4
97 40 4
97 41 4
97 43 4
97 45 4
97 46 4
97 47 4
97 48 4
97 51 4
97 52 4
97 57 4
97 58 4
97 60 4
97 62 4
97 63 4
97 64 4
97 65 4
97 66 4
97 67 4
97 68 4
97 69 4
97 72 4
97 74 4
97 76 4
97 79 4
97 80 4
97 81 4
97 82 4
97 83 4
97 86 4
97 87 4
97 88 4
97 89 4
97 90 4
97 91 4
97 92 4
97 95 4
97 96 4
97 97 4
97 98 4
97 99 4
97 100 4
98 1 4
98 2 4
98 3 4
98 4 4
98 5 4
98 8 4
98 9 4
98 12 4
98 13 4
98 14 4
98 15 4
98 18 4
98 20 4
98 21 4
98 22 4
98 25 4
98 27 4
98 28 4
98 30 4
98 33 4
98 34 4
98 36 4
98 37 4
98 38 4
98 39 4
98 40 4
98 41 4
98 42 4
98 44 4
98 45 4
98 47 4
98 50 4
98 51 4
98 52 4
98 54 4
98 55 4
98 56 4
98 57 4
98 63 4
98 64 4
98 65 4
98 66 4
98 67 4
98 68 4
98 69 4
98 70 4
98 71 4
98 72 4
98 73 4
98 75 4
98 76 4
98 79 4
98 80 4
98 82 4
98 83 4
98 84 4
98 85 4
98 90 4
98 91 4
98 92 4
98 94 4
98 95 4
98 96 4
98 97 4
98 100 4
99 1 4
99 2 4
99 3 4
99 4 4
99 5 4
99 6 4
99 7 4
99 8 4
99 10 4
99 11 4
99 12 4
99 13 4
99 14 4
99 16 4
99 17 4
99 18 4
99 19 4
99 20 4
99 26 4
99 27 4
99 28 4
99 30 4
99 31 4
99 32 4
99 34 4
99 36 4
99 38 4
99 39 4
99 44 4
99 45 4
99 47 4
99 48 4
99 49 4
99 50 4
99 51 4
99 52 4
99 53 4
99 54 4
99 56 4
99 57 4
99 58 4
99 59 4
99 60 4
99 61 4
99 63 4
99 64 4
99 66 4
99 67 4
99 71 4
99 72 4
99 73 4
99 74 4
99 78 4
99 81 4
99 83 4
99 85 4
99 87 4
99 88 4
99 89 4
99 90 4
99 92 4
99 93 4
99 94 4
99 95 4
99 97 4
99 98 4
99 100 4
100 1 4
100 2 4
100 4 4
100 6 4
100 7 4
100 8 4
100 9 4
100 10 4
100 11 4
100 14 4
100 16 4
100 17 4
100 21 4
100 23 4
100 25 4
100 27 4
100 29 4
100 30 4
100 33 4
100 34 4
100 36 4
100 38 4
100 39 4
100 40 4
100 41 4
100 42 4
100 43 4
100 44 4
100 46 4
100 47 4
100 51 4
100 54 4
100 55 4
100 56 4
100 57 4
100 58 4
100 59 4
100 60 4
100 61 4
100 66 4
100 68 4
100 70 4
100 73 4
100 75 4
100 77 4
100 78 4
100 79 4
100 80 4
100 81 4
100 83 4
100 84 4
100 87 4
100 88 4
100 89 4
100 90 4
100 91 4
100 92 4
100 94 4
100 95 4
100 98 4
100 99 4
100 100 4
