1 100 9
5666116498757642486413514793168243696893471543354245692463194431529727456343133768453824772884917968
2611129651977148287472573736155963553157568687428864185769555426152657744833598554718941998849543557
1489296196318682219893243168257448167156651555325773563723425979336443795532895553277741752798869229
7433692779254757275474884532915239151155424547777354467263853435416269427541921567735471143472275463
5564964976798348876223263334137544884495214617357139234949643958844294277444951266683268437243518488
3212199689824783119242945181436596828974631423762665268452391672793169828772414381152336649223887995
7121267358843382842259121571151625262982585479817659285212161383657293612654291259343134488276176487
1674443441583589368973763174488842382752784352739438879826172422977515263371888336364641646239974274
2393664514719312388533239835385849222415795535623218491887392164488851952264127154844585893878754396
3434731537375995145749454429189737297566948413142589451645697118417144492239754775941858398153946135
8992782246696979493271649978473487634443672856279458588556379667622766578478672918395151981259945643
9969162139113822467596519447234131548135855958374228977451698327389716534778881936514883364956719936
1386249111549778634536913865266929137832352496925242328622978443462267416836925928242916379219294478
6954838797453449466553333448122863515158327119356794555359738329736795763896384157137836537511911465
5285676485811394757413358479495113268847897962986977413736879779574298247791178855315645968627866958
7881541613254195348987323222757518379974564559261616328217816357265728877991726847393822418453398153
4777188217554279793223628622531884427471699656944214886659358492185137125289834988538195743841951326
6553432335378827756933694434418815397268365774215744353779959177599677117159729763877145917377465659
1742519361866165192224684127388441742566773589149184639557672761472835242672323924712623967383217653
3516468115442368173518234835425648958813813422789183991917324697928927448263453988622597145843546181
5987413617928322914156991355519155574337268167862446587131498141788455644691633229895527168924263295
7546412546966467855985669333264778972214898491289274116296954538841929865241135326222468933294635751
8777657758811995849384941789569751777651841317195172617919749892447461143582238244928911542227994895
4118815718626562217525481651686412574251936462837826946345665137781424413977497725898293122979267167
6571169336596168327515234542473355543988653181318355279871493259686312618492611768784617624448976446
8856486253321442125878342945277269687321991586484361297449838323396236551199198722627545353426581854
2651214196426434274929765574652845258853189988342211861991484248179139392745545546591248411366363582
9369514329449267958948258334293581855649548733753113749167534833618656464713223387345761986382417877
5912935244851679485644965484959273886767864858476397794127821518735969883447216862349747827315845971
5174232859361669738589642691895925993429861372578764755737973467195421664967157358577168895625769134
4984465743864176278212276152457189163383256654251655948468817748919257946255431846643855835694153173
5221762978367491721221228261817278733184994752625893424556817788745588973928121475712882468653395864
6549533673882863787565482593465719797434537293155664299325683252134659462183954637196631454824229631
7885718558235276959867823917396923582147165139568258777843386353562925694469258995514969714638733354
9324475884927144952293497454213661135875847295264183153911898666642913472348716849593644647656251651
2575438316912953757196433742992279413365721286531139934119675928482833866837663695195926317192931742
1414528993794395139169239739487273649197788688183242589771134125511511365534634438391657228857624583
8839765411675271278954796135188128927854542432235469139857898541254152275662372427921231645659278296
2288867344629224743628646254623849668632237734578133975469282893444318719784968366957767244788866645
3818769868975531923121158665468727845838144458612674148816793911418524821946982163683982188845761953
8431299694653527431595642125126859656954514137316711866543421917846192868945296787971722372111317194
9356354921586625669811571176141777348537573915377724676117785511651949738742623867374334182622386681
4824725754839181689249542561987167487349442844524981949492839346193141344342287186398591857562882511
9888327616944333755467145413192119278882566789784296391468852251341881766167363937168372426231431166
5858328327845379161963799164751755842818917881264373779238236283433242353238722727137959854863437368
7848739427511555475829175882914134959943472398868195421498518413135161676729667354597275846219345596
1626699129258726158285681139214581525441716584318137488888878524877511563234463122394878862821455915
2751524545873465432826249949769491724858282793218333465918379933514198281294776489582912645557338436
2324696813365222519193579623252882242788446489298292398565591236451897149787312812325782162839214277
5366871324986132528459218191123937921857894411524185579886693789546891357515684684518181739161375386
3269451824381151563815234128562749415557155275846119971232292763248589958157353545723325669124648386
1958897371267527952823735817223329931123683636277796234873231943199784998972467496878265539979837795
1496234877731763167875516232645278591824842727724344172316666546137776937776558271851415417948715118
5471613535762989157374776838773254476817159149651726174793931929343155848429369638187795797655281882
7525477875353875968318355298332425797752626696926744767252715767677487885445263914947398652972138465
4551579327435379892738366813239818611929139851544126632479781772166122757699177225656662383681966416
2495937686562998844326529754435572145679512289149724535175695111525443159998494977576973299968585516
9275523536232182357951624941972398748535811196776311482345753264169318421855626187698469398197366112
9783684266836319262826726279789352166751686637348919369457761837276663221552924483888219186272293777
3965769899391349757586921144587649188331958349944625423876423868438679422736769448561464232523862746
4563576435359191743612687515883768197864511772665812716452342468736637564699361231334349139385127664
3744861786669439628477698614747487647585293461445722666579624691527621919796962264634356821611788255
8983977671471312655213763433483565273556173684966125659296628942283854342465951845599439637275118632
8221286839364538352425479866686895197952874828555896437913114559773271257317289189336399994225643841
6518743117521261795681871115287937689437243743996229738598178751739441659446438724943855287892561751
6379983553927786136214173344234847314961156477158271875931446935238465838272848637655755966411517284
4211446452455511357987668996557698615868433766245417835599556727369839375154941349642171753168698447
6846798413617699154621997923145464558719772723623828414781678887171969983781156816215944675225637768
8367933136811132458614596431821146381827478344484646892913288268288645912498643641685822495881551668
9658948369489278191687274349813786216249698115691787169465883482923723869229625458654742391581265948
4678721876112492439111373518544844973516196634931486869166418235537464842151824229326411948181223412
1114146113757535171479525135896578879441651245881314686128312233345945724598617413933155523911511176
9945189294957413284961332144787142288847763699957358747367545931447972114253426431593619372216277194
3132129352934164416911764929125749643186526314536929424715349858294286198955656138598697532662848343
5438834221293614848595981473255837132353663855947579494342118129677823512989134353553776273538769594
4514274172275326755317825414141623635462879558798933119584892538436552867333616643745333734315767997
5832185259639312137357644788415955612262356821777144124376455276827234488288757398436124249972918362
6245124274796756488922791315731966444683918243895573386382289921976612191816493444159396934111332743
5776162722627422831276317812129348941112688911577696646738469115363395935378259822459495632776537697
2227983839241113619456815141369492511421767459711833921974813736856492654897431417113876772878516264
3452223677258145965243382317244683129773982548857918154718265356293347527899396486352844775966119863
6222399256491956165418195683287682859985878237269122415326744421939324441532851311288297258883376199
6845187462677624265827481552823481938655876764412162217284443643186727244356448482962481496163298652
1545249392698822289432592925454553998941147368296532813614168168282614929812625969193759217614387364
3184651844436396428986473178988425333537114154597224997498211128441286118718481378787237715923866281
5837778515957679127454357122669817989989497413546352893524336782496984891914877545125478223481843579
2199626645895587264779349298167849971399944276161679689154939529718872171389493492926776237573924495
2642481426195966371391834272369392948465522325113875547617662486669469979116884584628613788289138157
7227942255121418575261741714743193916165292476585269577276598397328438164481265352771631238297998612
7153265274278395451594431927744942366799811735552844529411146561659332844816984727278161251582168686
5636793867554435187341549191969281997624531718872559139455318852935749539885153835838651353144727136
5133111711329643835447217419866432239174955799485956278757984794176875644635547451421161197599776137
1251453743192142397682462692642321181843935928756467153121742597357976246744963777239745735917586114
6739142958595114668443431582642288562141665969877998338115879261387378761319794817328499895562313861
4764335345441781239467521971847373151775278364824997854138982414498254385559537853686264637841777357
5623462599382334533836794778917454159934391393954757226966426559582165983448977482113835115161589886
5124586768232618285769479899326447183849246415788418844931476176391211174991778961944182628222358512
2392984355297377474351776828399483359761734254344985561251446121819898262219779223267114476331269417
5631369258782118213751666136481689374699434133125313655137387139876668621391988413558186599693145642
8556472175112641944733768876196672422853615938775422412589896199964243337359276288184168263895855797
