6947
1 1 3
1 2 3
1 5 3
1 7 3
1 8 3
1 9 3
1 10 3
1 11 3
1 12 3
1 13 3
1 14 3
1 15 3
1 16 3
1 17 3
1 18 3
1 19 3
1 20 3
1 21 3
1 23 3
1 24 3
1 25 3
1 26 3
1 27 3
1 29 3
1 30 3
1 31 3
1 32 3
1 33 3
1 35 3
1 36 3
1 37 3
1 38 3
1 39 3
1 41 3
1 42 3
1 43 3
1 44 3
1 45 3
1 48 3
1 49 3
1 50 3
1 51 3
1 52 3
1 53 3
1 54 3
1 55 3
1 56 3
1 57 3
1 59 3
1 60 3
1 61 3
1 64 3
1 65 3
1 66 3
1 67 3
1 68 3
1 69 3
1 70 3
1 71 3
1 72 3
1 73 3
1 75 3
1 77 3
1 80 3
1 81 3
1 82 3
1 83 3
1 84 3
1 86 3
1 87 3
1 88 3
1 89 3
1 91 3
1 92 3
1 94 3
1 95 3
1 96 3
1 97 3
1 98 3
1 99 3
1 100 3
2 1 3
2 6 3
2 7 3
2 8 3
2 9 3
2 10 3
2 11 3
2 14 3
2 16 3
2 17 3
2 19 3
2 21 3
2 22 3
2 24 3
2 28 3
2 30 3
2 32 3
2 33 3
2 35 3
2 38 3
2 39 3
2 40 3
2 41 3
2 42 3
2 43 3
2 44 3
2 45 3
2 46 3
2 47 3
2 48 3
2 49 3
2 51 3
2 52 3
2 53 3
2 54 3
2 55 3
2 56 3
2 58 3
2 59 3
2 63 3
2 64 3
2 65 3
2 66 3
2 67 3
2 68 3
2 69 3
2 72 3
2 74 3
2 77 3
2 78 3
2 79 3
2 80 3
2 82 3
2 83 3
2 84 3
2 85 3
2 86 3
2 87 3
2 88 3
2 89 3
2 93 3
2 94 3
2 95 3
2 96 3
2 98 3
2 100 3
3 1 3
3 2 3
3 3 3
3 4 3
3 5 3
3 6 3
3 7 3
3 8 3
3 9 3
3 10 3
3 12 3
3 13 3
3 14 3
3 15 3
3 18 3
3 19 3
3 20 3
3 21 3
3 23 3
3 24 3
3 26 3
3 27 3
3 28 3
3 29 3
3 31 3
3 32 3
3 34 3
3 35 3
3 36 3
3 37 3
3 40 3
3 42 3
3 43 3
3 44 3
3 49 3
3 50 3
3 53 3
3 54 3
3 57 3
3 59 3
3 60 3
3 62 3
3 63 3
3 64 3
3 67 3
3 68 3
3 72 3
3 73 3
3 76 3
3 77 3
3 83 3
3 84 3
3 89 3
3 90 3
3 91 3
3 92 3
3 93 3
3 94 3
3 96 3
3 97 3
3 98 3
3 100 3
4 1 3
4 5 3
4 7 3
4 8 3
4 10 3
4 11 3
4 12 3
4 13 3
4 14 3
4 15 3
4 16 3
4 18 3
4 19 3
4 20 3
4 21 3
4 22 3
4 23 3
4 25 3
4 26 3
4 28 3
4 29 3
4 30 3
4 31 3
4 32 3
4 34 3
4 36 3
4 41 3
4 42 3
4 43 3
4 45 3
4 46 3
4 51 3
4 52 3
4 55 3
4 56 3
4 57 3
4 59 3
4 60 3
4 62 3
4 64 3
4 65 3
4 66 3
4 68 3
4 69 3
4 70 3
4 71 3
4 72 3
4 73 3
4 75 3
4 76 3
4 77 3
4 78 3
4 79 3
4 81 3
4 82 3
4 85 3
4 86 3
4 87 3
4 90 3
4 92 3
4 93 3
4 94 3
4 96 3
4 97 3
4 98 3
4 99 3
5 1 3
5 3 3
5 4 3
5 5 3
5 6 3
5 7 3
5 8 3
5 10 3
5 11 3
5 12 3
5 13 3
5 15 3
5 16 3
5 19 3
5 20 3
5 23 3
5 24 3
5 28 3
5 29 3
5 31 3
5 32 3
5 33 3
5 35 3
5 37 3
5 39 3
5 41 3
5 42 3
5 44 3
5 45 3
5 48 3
5 50 3
5 52 3
5 53 3
5 55 3
5 56 3
5 57 3
5 58 3
5 59 3
5 60 3
5 62 3
5 63 3
5 64 3
5 66 3
5 69 3
5 70 3
5 71 3
5 78 3
5 80 3
5 84 3
5 86 3
5 87 3
5 88 3
5 89 3
5 91 3
5 92 3
5 93 3
5 95 3
5 96 3
5 97 3
5 99 3
6 2 3
6 3 3
6 4 3
6 5 3
6 6 3
6 8 3
6 9 3
6 10 3
6 11 3
6 12 3
6 13 3
6 14 3
6 15 3
6 17 3
6 19 3
6 21 3
6 22 3
6 23 3
6 24 3
6 25 3
6 26 3
6 27 3
6 28 3
6 29 3
6 31 3
6 33 3
6 34 3
6 36 3
6 37 3
6 38 3
6 39 3
6 40 3
6 41 3
6 43 3
6 44 3
6 45 3
6 47 3
6 48 3
6 49 3
6 50 3
6 52 3
6 54 3
6 55 3
6 56 3
6 57 3
6 58 3
6 60 3
6 61 3
6 62 3
6 63 3
6 64 3
6 65 3
6 66 3
6 68 3
6 69 3
6 70 3
6 71 3
6 72 3
6 73 3
6 74 3
6 76 3
6 77 3
6 78 3
6 79 3
6 81 3
6 82 3
6 84 3
6 85 3
6 88 3
6 90 3
6 91 3
6 95 3
6 97 3
6 98 3
6 100 3
7 1 3
7 2 3
7 3 3
7 4 3
7 5 3
7 6 3
7 7 3
7 9 3
7 12 3
7 16 3
7 17 3
7 18 3
7 21 3
7 22 3
7 23 3
7 24 3
7 25 3
7 26 3
7 27 3
7 30 3
7 31 3
7 32 3
7 33 3
7 34 3
7 35 3
7 36 3
7 37 3
7 39 3
7 40 3
7 41 3
7 42 3
7 43 3
7 45 3
7 46 3
7 47 3
7 48 3
7 49 3
7 51 3
7 52 3
7 54 3
7 55 3
7 56 3
7 57 3
7 59 3
7 60 3
7 63 3
7 65 3
7 66 3
7 67 3
7 68 3
7 69 3
7 71 3
7 72 3
7 73 3
7 74 3
7 75 3
7 76 3
7 77 3
7 78 3
7 79 3
7 80 3
7 81 3
7 82 3
7 84 3
7 86 3
7 88 3
7 90 3
7 93 3
7 94 3
7 95 3
7 96 3
7 97 3
7 98 3
7 99 3
7 100 3
8 1 3
8 2 3
8 3 3
8 4 3
8 8 3
8 10 3
8 11 3
8 12 3
8 14 3
8 16 3
8 18 3
8 19 3
8 20 3
8 21 3
8 23 3
8 24 3
8 26 3
8 28 3
8 30 3
8 33 3
8 34 3
8 36 3
8 38 3
8 39 3
8 41 3
8 43 3
8 45 3
8 46 3
8 47 3
8 49 3
8 50 3
8 52 3
8 54 3
8 55 3
8 56 3
8 57 3
8 58 3
8 60 3
8 61 3
8 62 3
8 63 3
8 65 3
8 68 3
8 69 3
8 70 3
8 71 3
8 72 3
8 75 3
8 76 3
8 77 3
8 82 3
8 84 3
8 85 3
8 86 3
8 87 3
8 88 3
8 89 3
8 90 3
8 91 3
8 94 3
8 97 3
8 98 3
8 99 3
8 100 3
9 1 3
9 3 3
9 5 3
9 7 3
9 8 3
9 9 3
9 10 3
9 11 3
9 12 3
9 13 3
9 15 3
9 16 3
9 20 3
9 23 3
9 25 3
9 26 3
9 28 3
9 31 3
9 34 3
9 38 3
9 39 3
9 40 3
9 42 3
9 43 3
9 46 3
9 47 3
9 48 3
9 50 3
9 51 3
9 53 3
9 54 3
9 55 3
9 58 3
9 60 3
9 62 3
9 63 3
9 64 3
9 66 3
9 69 3
9 70 3
9 71 3
9 72 3
9 73 3
9 75 3
9 76 3
9 77 3
9 78 3
9 79 3
9 80 3
9 81 3
9 82 3
9 83 3
9 86 3
9 87 3
9 88 3
9 89 3
9 90 3
9 92 3
9 93 3
9 94 3
9 95 3
9 96 3
9 99 3
9 100 3
10 2 3
10 4 3
10 5 3
10 7 3
10 10 3
10 12 3
10 13 3
10 14 3
10 16 3
10 17 3
10 18 3
10 19 3
10 20 3
10 21 3
10 22 3
10 23 3
10 24 3
10 25 3
10 27 3
10 28 3
10 29 3
10 31 3
10 32 3
10 34 3
10 36 3
10 37 3
10 38 3
10 39 3
10 41 3
10 42 3
10 43 3
10 44 3
10 45 3
10 47 3
10 48 3
10 49 3
10 50 3
10 51 3
10 52 3
10 54 3
10 56 3
10 57 3
10 58 3
10 59 3
10 61 3
10 64 3
10 66 3
10 67 3
10 68 3
10 69 3
10 72 3
10 76 3
10 77 3
10 78 3
10 79 3
10 80 3
10 82 3
10 83 3
10 85 3
10 86 3
10 87 3
10 88 3
10 91 3
10 92 3
10 93 3
10 95 3
10 96 3
10 97 3
10 98 3
10 100 3
11 1 3
11 2 3
11 4 3
11 6 3
11 7 3
11 9 3
11 10 3
11 12 3
11 13 3
11 15 3
11 16 3
11 17 3
11 18 3
11 20 3
11 21 3
11 22 3
11 23 3
11 24 3
11 25 3
11 27 3
11 28 3
11 29 3
11 30 3
11 32 3
11 33 3
11 35 3
11 37 3
11 41 3
11 42 3
11 43 3
11 44 3
11 45 3
11 46 3
11 47 3
11 48 3
11 49 3
11 50 3
11 51 3
11 52 3
11 53 3
11 54 3
11 56 3
11 58 3
11 60 3
11 61 3
11 62 3
11 64 3
11 65 3
11 66 3
11 68 3
11 69 3
11 71 3
11 72 3
11 73 3
11 74 3
11 75 3
11 76 3
11 77 3
11 78 3
11 79 3
11 80 3
11 81 3
11 82 3
11 84 3
11 85 3
11 86 3
11 88 3
11 89 3
11 90 3
11 91 3
11 92 3
11 97 3
11 98 3
11 99 3
12 3 3
12 4 3
12 5 3
12 6 3
12 8 3
12 10 3
12 11 3
12 14 3
12 15 3
12 18 3
12 19 3
12 20 3
12 21 3
12 22 3
12 23 3
12 24 3
12 26 3
12 28 3
12 29 3
12 31 3
12 32 3
12 34 3
12 35 3
12 36 3
12 37 3
12 38 3
12 40 3
12 41 3
12 42 3
12 44 3
12 46 3
12 49 3
12 50 3
12 53 3
12 54 3
12 56 3
12 58 3
12 59 3
12 60 3
12 61 3
12 63 3
12 66 3
12 67 3
12 69 3
12 73 3
12 79 3
12 82 3
12 83 3
12 84 3
12 85 3
12 86 3
12 90 3
12 91 3
12 92 3
12 94 3
12 95 3
12 96 3
12 97 3
12 100 3
13 1 3
13 3 3
13 4 3
13 5 3
13 6 3
13 7 3
13 11 3
13 12 3
13 13 3
13 14 3
13 16 3
13 17 3
13 19 3
13 23 3
13 26 3
13 27 3
13 28 3
13 30 3
13 32 3
13 33 3
13 34 3
13 35 3
13 37 3
13 38 3
13 40 3
13 43 3
13 44 3
13 45 3
13 46 3
13 47 3
13 48 3
13 49 3
13 51 3
13 52 3
13 54 3
13 55 3
13 56 3
13 57 3
13 59 3
13 60 3
13 62 3
13 65 3
13 66 3
13 67 3
13 69 3
13 70 3
13 71 3
13 72 3
13 73 3
13 74 3
13 76 3
13 77 3
13 78 3
13 79 3
13 81 3
13 82 3
13 83 3
13 84 3
13 85 3
13 86 3
13 87 3
13 88 3
13 90 3
13 91 3
13 92 3
13 93 3
13 94 3
13 95 3
13 96 3
13 97 3
13 99 3
13 100 3
14 1 3
14 2 3
14 3 3
14 4 3
14 5 3
14 7 3
14 8 3
14 9 3
14 10 3
14 11 3
14 12 3
14 14 3
14 16 3
14 17 3
14 18 3
14 26 3
14 28 3
14 29 3
14 30 3
14 32 3
14 33 3
14 35 3
14 36 3
14 37 3
14 38 3
14 39 3
14 40 3
14 42 3
14 43 3
14 44 3
14 46 3
14 48 3
14 49 3
14 50 3
14 51 3
14 52 3
14 53 3
14 57 3
14 58 3
14 59 3
14 63 3
14 64 3
14 65 3
14 67 3
14 68 3
14 69 3
14 70 3
14 71 3
14 72 3
14 75 3
14 78 3
14 79 3
14 80 3
14 81 3
14 82 3
14 83 3
14 85 3
14 86 3
14 89 3
14 91 3
14 92 3
14 95 3
14 96 3
14 99 3
14 100 3
15 1 3
15 2 3
15 3 3
15 4 3
15 5 3
15 6 3
15 7 3
15 8 3
15 9 3
15 10 3
15 11 3
15 12 3
15 15 3
15 16 3
15 17 3
15 18 3
15 19 3
15 20 3
15 21 3
15 24 3
15 25 3
15 27 3
15 28 3
15 29 3
15 30 3
15 31 3
15 32 3
15 35 3
15 36 3
15 37 3
15 39 3
15 40 3
15 41 3
15 42 3
15 44 3
15 45 3
15 46 3
15 47 3
15 48 3
15 50 3
15 51 3
15 53 3
15 54 3
15 56 3
15 58 3
15 59 3
15 60 3
15 61 3
15 62 3
15 65 3
15 66 3
15 67 3
15 68 3
15 70 3
15 71 3
15 72 3
15 73 3
15 76 3
15 78 3
15 79 3
15 84 3
15 85 3
15 86 3
15 87 3
15 88 3
15 89 3
15 90 3
15 91 3
15 92 3
15 93 3
15 94 3
15 95 3
15 96 3
15 98 3
15 99 3
15 100 3
16 1 3
16 4 3
16 5 3
16 6 3
16 7 3
16 8 3
16 9 3
16 11 3
16 12 3
16 13 3
16 14 3
16 16 3
16 18 3
16 19 3
16 20 3
16 21 3
16 22 3
16 24 3
16 26 3
16 29 3
16 30 3
16 31 3
16 32 3
16 34 3
16 36 3
16 37 3
16 39 3
16 40 3
16 41 3
16 42 3
16 43 3
16 44 3
16 46 3
16 47 3
16 48 3
16 49 3
16 50 3
16 51 3
16 52 3
16 54 3
16 55 3
16 56 3
16 57 3
16 58 3
16 60 3
16 61 3
16 63 3
16 64 3
16 65 3
16 66 3
16 67 3
16 68 3
16 69 3
16 77 3
16 78 3
16 79 3
16 81 3
16 82 3
16 84 3
16 86 3
16 87 3
16 89 3
16 90 3
16 92 3
16 93 3
16 96 3
16 97 3
16 98 3
17 1 3
17 2 3
17 5 3
17 6 3
17 8 3
17 10 3
17 14 3
17 15 3
17 16 3
17 17 3
17 18 3
17 20 3
17 23 3
17 25 3
17 26 3
17 29 3
17 31 3
17 32 3
17 34 3
17 36 3
17 37 3
17 38 3
17 40 3
17 41 3
17 42 3
17 44 3
17 46 3
17 47 3
17 48 3
17 50 3
17 52 3
17 53 3
17 55 3
17 57 3
17 58 3
17 60 3
17 61 3
17 62 3
17 63 3
17 64 3
17 65 3
17 66 3
17 68 3
17 70 3
17 71 3
17 72 3
17 73 3
17 74 3
17 75 3
17 76 3
17 77 3
17 79 3
17 80 3
17 81 3
17 83 3
17 85 3
17 86 3
17 87 3
17 88 3
17 89 3
17 90 3
17 92 3
17 93 3
17 94 3
17 95 3
17 96 3
17 97 3
17 99 3
17 100 3
18 1 3
18 2 3
18 5 3
18 7 3
18 10 3
18 12 3
18 13 3
18 15 3
18 18 3
18 19 3
18 20 3
18 24 3
18 25 3
18 28 3
18 30 3
18 33 3
18 34 3
18 36 3
18 38 3
18 39 3
18 40 3
18 42 3
18 43 3
18 44 3
18 46 3
18 47 3
18 48 3
18 49 3
18 50 3
18 54 3
18 56 3
18 61 3
18 62 3
18 63 3
18 65 3
18 66 3
18 68 3
18 73 3
18 74 3
18 75 3
18 77 3
18 78 3
18 79 3
18 80 3
18 81 3
18 83 3
18 84 3
18 87 3
18 89 3
18 90 3
18 91 3
18 93 3
18 95 3
18 96 3
18 97 3
18 98 3
18 99 3
18 100 3
19 1 3
19 2 3
19 3 3
19 4 3
19 5 3
19 6 3
19 7 3
19 9 3
19 10 3
19 11 3
19 12 3
19 14 3
19 15 3
19 16 3
19 17 3
19 18 3
19 19 3
19 22 3
19 24 3
19 26 3
19 27 3
19 28 3
19 32 3
19 34 3
19 35 3
19 36 3
19 37 3
19 38 3
19 41 3
19 44 3
19 45 3
19 46 3
19 47 3
19 48 3
19 49 3
19 50 3
19 51 3
19 53 3
19 55 3
19 56 3
19 58 3
19 59 3
19 60 3
19 61 3
19 62 3
19 63 3
19 64 3
19 65 3
19 66 3
19 67 3
19 68 3
19 70 3
19 71 3
19 72 3
19 73 3
19 74 3
19 75 3
19 76 3
19 80 3
19 81 3
19 82 3
19 83 3
19 84 3
19 85 3
19 86 3
19 87 3
19 90 3
19 93 3
19 95 3
19 96 3
19 97 3
20 2 3
20 3 3
20 4 3
20 5 3
20 6 3
20 7 3
20 8 3
20 10 3
20 11 3
20 13 3
20 16 3
20 18 3
20 20 3
20 21 3
20 22 3
20 23 3
20 26 3
20 28 3
20 29 3
20 30 3
20 31 3
20 32 3
20 34 3
20 35 3
20 36 3
20 37 3
20 39 3
20 41 3
20 42 3
20 44 3
20 45 3
20 47 3
20 48 3
20 53 3
20 55 3
20 56 3
20 57 3
20 60 3
20 61 3
20 62 3
20 63 3
20 64 3
20 65 3
20 66 3
20 67 3
20 68 3
20 69 3
20 70 3
20 73 3
20 74 3
20 75 3
20 77 3
20 78 3
20 81 3
20 83 3
20 86 3
20 87 3
20 88 3
20 89 3
20 90 3
20 91 3
20 92 3
20 93 3
20 95 3
20 96 3
20 97 3
20 98 3
20 99 3
20 100 3
21 1 3
21 2 3
21 3 3
21 4 3
21 6 3
21 8 3
21 10 3
21 11 3
21 12 3
21 13 3
21 15 3
21 17 3
21 18 3
21 19 3
21 20 3
21 21 3
21 22 3
21 23 3
21 25 3
21 30 3
21 31 3
21 32 3
21 33 3
21 36 3
21 37 3
21 40 3
21 41 3
21 42 3
21 43 3
21 44 3
21 45 3
21 46 3
21 47 3
21 48 3
21 49 3
21 50 3
21 52 3
21 53 3
21 54 3
21 55 3
21 56 3
21 58 3
21 59 3
21 60 3
21 61 3
21 62 3
21 63 3
21 64 3
21 65 3
21 68 3
21 69 3
21 71 3
21 74 3
21 75 3
21 76 3
21 77 3
21 80 3
21 82 3
21 83 3
21 84 3
21 87 3
21 90 3
21 91 3
21 92 3
21 93 3
21 94 3
21 95 3
21 96 3
21 98 3
21 99 3
21 100 3
22 1 3
22 2 3
22 3 3
22 4 3
22 7 3
22 8 3
22 9 3
22 10 3
22 12 3
22 14 3
22 15 3
22 16 3
22 17 3
22 18 3
22 20 3
22 21 3
22 22 3
22 23 3
22 25 3
22 29 3
22 30 3
22 31 3
22 32 3
22 34 3
22 35 3
22 37 3
22 39 3
22 40 3
22 41 3
22 42 3
22 44 3
22 45 3
22 46 3
22 47 3
22 48 3
22 49 3
22 50 3
22 51 3
22 52 3
22 53 3
22 55 3
22 56 3
22 57 3
22 58 3
22 59 3
22 60 3
22 61 3
22 62 3
22 64 3
22 66 3
22 67 3
22 68 3
22 69 3
22 70 3
22 71 3
22 72 3
22 73 3
22 74 3
22 75 3
22 79 3
22 82 3
22 83 3
22 86 3
22 87 3
22 88 3
22 89 3
22 92 3
22 93 3
22 95 3
22 97 3
22 98 3
22 99 3
22 100 3
23 1 3
23 2 3
23 5 3
23 6 3
23 7 3
23 9 3
23 10 3
23 12 3
23 14 3
23 16 3
23 18 3
23 19 3
23 22 3
23 23 3
23 24 3
23 25 3
23 26 3
23 27 3
23 28 3
23 29 3
23 31 3
23 33 3
23 34 3
23 38 3
23 39 3
23 40 3
23 42 3
23 43 3
23 45 3
23 46 3
23 47 3
23 48 3
23 49 3
23 50 3
23 52 3
23 53 3
23 55 3
23 56 3
23 57 3
23 58 3
23 59 3
23 60 3
23 61 3
23 62 3
23 63 3
23 64 3
23 67 3
23 68 3
23 69 3
23 70 3
23 72 3
23 74 3
23 75 3
23 76 3
23 79 3
23 80 3
23 81 3
23 83 3
23 85 3
23 86 3
23 87 3
23 89 3
23 90 3
23 94 3
23 95 3
23 97 3
23 98 3
23 99 3
23 100 3
24 1 3
24 2 3
24 4 3
24 6 3
24 7 3
24 9 3
24 11 3
24 12 3
24 13 3
24 14 3
24 15 3
24 16 3
24 18 3
24 19 3
24 20 3
24 21 3
24 22 3
24 23 3
24 24 3
24 26 3
24 27 3
24 28 3
24 29 3
24 30 3
24 31 3
24 32 3
24 33 3
24 34 3
24 35 3
24 37 3
24 38 3
24 41 3
24 43 3
24 44 3
24 45 3
24 46 3
24 47 3
24 49 3
24 50 3
24 51 3
24 52 3
24 53 3
24 54 3
24 55 3
24 57 3
24 58 3
24 59 3
24 61 3
24 62 3
24 64 3
24 66 3
24 67 3
24 69 3
24 70 3
24 72 3
24 74 3
24 75 3
24 77 3
24 78 3
24 79 3
24 81 3
24 82 3
24 83 3
24 84 3
24 86 3
24 87 3
24 89 3
24 92 3
24 93 3
24 94 3
24 95 3
24 96 3
24 97 3
24 98 3
24 99 3
24 100 3
25 1 3
25 2 3
25 3 3
25 4 3
25 6 3
25 7 3
25 10 3
25 11 3
25 12 3
25 14 3
25 16 3
25 18 3
25 21 3
25 23 3
25 25 3
25 26 3
25 27 3
25 28 3
25 29 3
25 30 3
25 36 3
25 38 3
25 39 3
25 41 3
25 42 3
25 44 3
25 45 3
25 46 3
25 48 3
25 49 3
25 51 3
25 53 3
25 54 3
25 55 3
25 56 3
25 57 3
25 58 3
25 59 3
25 60 3
25 62 3
25 63 3
25 64 3
25 65 3
25 67 3
25 69 3
25 70 3
25 71 3
25 73 3
25 74 3
25 75 3
25 76 3
25 77 3
25 78 3
25 81 3
25 82 3
25 83 3
25 84 3
25 85 3
25 86 3
25 87 3
25 88 3
25 89 3
25 91 3
25 94 3
25 95 3
25 96 3
25 97 3
25 98 3
25 100 3
26 1 3
26 3 3
26 4 3
26 5 3
26 6 3
26 7 3
26 8 3
26 9 3
26 12 3
26 13 3
26 14 3
26 16 3
26 17 3
26 19 3
26 20 3
26 21 3
26 22 3
26 24 3
26 25 3
26 26 3
26 28 3
26 29 3
26 32 3
26 33 3
26 34 3
26 35 3
26 36 3
26 37 3
26 39 3
26 40 3
26 41 3
26 43 3
26 44 3
26 46 3
26 47 3
26 48 3
26 49 3
26 51 3
26 52 3
26 54 3
26 55 3
26 56 3
26 58 3
26 59 3
26 61 3
26 63 3
26 66 3
26 68 3
26 70 3
26 71 3
26 73 3
26 77 3
26 78 3
26 79 3
26 81 3
26 83 3
26 84 3
26 85 3
26 86 3
26 87 3
26 88 3
26 90 3
26 93 3
26 94 3
26 95 3
26 96 3
26 97 3
26 98 3
26 99 3
26 100 3
27 1 3
27 2 3
27 4 3
27 5 3
27 6 3
27 7 3
27 8 3
27 9 3
27 10 3
27 11 3
27 13 3
27 16 3
27 17 3
27 18 3
27 19 3
27 20 3
27 21 3
27 22 3
27 23 3
27 24 3
27 25 3
27 27 3
27 28 3
27 29 3
27 30 3
27 31 3
27 32 3
27 33 3
27 34 3
27 35 3
27 36 3
27 37 3
27 39 3
27 41 3
27 42 3
27 43 3
27 48 3
27 49 3
27 53 3
27 54 3
27 55 3
27 56 3
27 58 3
27 59 3
27 60 3
27 61 3
27 62 3
27 63 3
27 64 3
27 65 3
27 66 3
27 67 3
27 68 3
27 70 3
27 72 3
27 73 3
27 74 3
27 75 3
27 76 3
27 78 3
27 79 3
27 81 3
27 82 3
27 83 3
27 84 3
27 85 3
27 86 3
27 88 3
27 89 3
27 90 3
27 96 3
27 98 3
27 99 3
27 100 3
28 1 3
28 3 3
28 4 3
28 5 3
28 9 3
28 10 3
28 13 3
28 14 3
28 15 3
28 16 3
28 17 3
28 18 3
28 19 3
28 21 3
28 22 3
28 23 3
28 24 3
28 25 3
28 29 3
28 30 3
28 32 3
28 33 3
28 34 3
28 35 3
28 38 3
28 39 3
28 40 3
28 41 3
28 42 3
28 43 3
28 44 3
28 47 3
28 48 3
28 53 3
28 54 3
28 55 3
28 56 3
28 57 3
28 58 3
28 59 3
28 62 3
28 65 3
28 66 3
28 67 3
28 68 3
28 69 3
28 70 3
28 71 3
28 72 3
28 73 3
28 75 3
28 77 3
28 81 3
28 82 3
28 84 3
28 85 3
28 86 3
28 87 3
28 88 3
28 89 3
28 90 3
28 91 3
28 93 3
28 94 3
28 95 3
28 96 3
28 97 3
28 98 3
28 99 3
29 1 3
29 2 3
29 3 3
29 4 3
29 5 3
29 7 3
29 8 3
29 9 3
29 11 3
29 12 3
29 13 3
29 14 3
29 15 3
29 16 3
29 17 3
29 18 3
29 19 3
29 20 3
29 23 3
29 24 3
29 25 3
29 26 3
29 27 3
29 29 3
29 30 3
29 31 3
29 32 3
29 33 3
29 37 3
29 38 3
29 39 3
29 40 3
29 41 3
29 42 3
29 43 3
29 44 3
29 45 3
29 46 3
29 47 3
29 48 3
29 49 3
29 51 3
29 54 3
29 55 3
29 57 3
29 59 3
29 60 3
29 61 3
29 62 3
29 63 3
29 64 3
29 65 3
29 67 3
29 68 3
29 69 3
29 70 3
29 71 3
29 74 3
29 76 3
29 78 3
29 79 3
29 80 3
29 81 3
29 82 3
29 85 3
29 87 3
29 88 3
29 89 3
29 90 3
29 91 3
29 93 3
29 94 3
29 95 3
29 96 3
29 97 3
29 98 3
29 100 3
30 2 3
30 3 3
30 4 3
30 5 3
30 7 3
30 8 3
30 9 3
30 10 3
30 12 3
30 17 3
30 19 3
30 20 3
30 21 3
30 22 3
30 23 3
30 24 3
30 25 3
30 26 3
30 27 3
30 28 3
30 29 3
30 30 3
30 31 3
30 32 3
30 33 3
30 34 3
30 35 3
30 38 3
30 39 3
30 40 3
30 43 3
30 45 3
30 46 3
30 47 3
30 49 3
30 50 3
30 51 3
30 52 3
30 54 3
30 56 3
30 59 3
30 60 3
30 62 3
30 63 3
30 64 3
30 65 3
30 66 3
30 68 3
30 69 3
30 70 3
30 71 3
30 73 3
30 74 3
30 75 3
30 77 3
30 78 3
30 79 3
30 81 3
30 82 3
30 83 3
30 84 3
30 86 3
30 87 3
30 90 3
30 91 3
30 92 3
30 93 3
30 95 3
30 96 3
30 97 3
30 98 3
30 100 3
31 1 3
31 2 3
31 3 3
31 6 3
31 7 3
31 8 3
31 9 3
31 11 3
31 13 3
31 14 3
31 15 3
31 16 3
31 17 3
31 18 3
31 20 3
31 21 3
31 22 3
31 24 3
31 25 3
31 26 3
31 27 3
31 28 3
31 29 3
31 30 3
31 31 3
31 32 3
31 33 3
31 34 3
31 35 3
31 36 3
31 39 3
31 41 3
31 42 3
31 43 3
31 45 3
31 46 3
31 47 3
31 48 3
31 49 3
31 50 3
31 51 3
31 53 3
31 54 3
31 55 3
31 56 3
31 57 3
31 58 3
31 60 3
31 61 3
31 63 3
31 64 3
31 65 3
31 66 3
31 67 3
31 68 3
31 69 3
31 70 3
31 71 3
31 72 3
31 73 3
31 74 3
31 75 3
31 77 3
31 79 3
31 80 3
31 81 3
31 82 3
31 84 3
31 86 3
31 87 3
31 93 3
31 94 3
31 95 3
31 96 3
31 99 3
32 1 3
32 2 3
32 4 3
32 5 3
32 7 3
32 8 3
32 9 3
32 10 3
32 13 3
32 14 3
32 15 3
32 16 3
32 17 3
32 18 3
32 19 3
32 22 3
32 25 3
32 26 3
32 27 3
32 28 3
32 29 3
32 30 3
32 32 3
32 33 3
32 34 3
32 35 3
32 38 3
32 40 3
32 41 3
32 43 3
32 44 3
32 46 3
32 47 3
32 48 3
32 49 3
32 50 3
32 51 3
32 53 3
32 54 3
32 55 3
32 56 3
32 58 3
32 65 3
32 66 3
32 67 3
32 69 3
32 72 3
32 74 3
32 75 3
32 76 3
32 77 3
32 78 3
32 80 3
32 81 3
32 82 3
32 83 3
32 84 3
32 85 3
32 88 3
32 89 3
32 90 3
32 91 3
32 93 3
32 96 3
32 97 3
32 98 3
32 99 3
32 100 3
33 1 3
33 2 3
33 3 3
33 4 3
33 5 3
33 8 3
33 11 3
33 13 3
33 14 3
33 15 3
33 18 3
33 19 3
33 20 3
33 21 3
33 22 3
33 23 3
33 24 3
33 25 3
33 26 3
33 27 3
33 29 3
33 30 3
33 31 3
33 32 3
33 33 3
33 34 3
33 36 3
33 37 3
33 38 3
33 41 3
33 43 3
33 44 3
33 45 3
33 47 3
33 50 3
33 52 3
33 53 3
33 54 3
33 57 3
33 58 3
33 59 3
33 60 3
33 62 3
33 63 3
33 64 3
33 65 3
33 67 3
33 68 3
33 69 3
33 70 3
33 71 3
33 72 3
33 73 3
33 74 3
33 75 3
33 77 3
33 78 3
33 79 3
33 80 3
33 82 3
33 83 3
33 84 3
33 85 3
33 88 3
33 90 3
33 91 3
33 92 3
33 93 3
33 94 3
33 95 3
33 97 3
33 98 3
33 100 3
34 1 3
34 2 3
34 4 3
34 5 3
34 6 3
34 7 3
34 8 3
34 10 3
34 11 3
34 13 3
34 14 3
34 15 3
34 16 3
34 17 3
34 18 3
34 19 3
34 20 3
34 22 3
34 23 3
34 24 3
34 26 3
34 27 3
34 28 3
34 30 3
34 31 3
34 32 3
34 33 3
34 35 3
34 36 3
34 37 3
34 38 3
34 39 3
34 40 3
34 41 3
34 42 3
34 43 3
34 44 3
34 46 3
34 47 3
34 48 3
34 49 3
34 50 3
34 51 3
34 52 3
34 53 3
34 56 3
34 57 3
34 61 3
34 65 3
34 66 3
34 67 3
34 68 3
34 69 3
34 70 3
34 71 3
34 72 3
34 73 3
34 75 3
34 76 3
34 77 3
34 79 3
34 80 3
34 82 3
34 84 3
34 85 3
34 86 3
34 87 3
34 88 3
34 89 3
34 90 3
34 92 3
34 94 3
34 95 3
34 99 3
34 100 3
35 1 3
35 3 3
35 4 3
35 6 3
35 7 3
35 8 3
35 10 3
35 11 3
35 12 3
35 13 3
35 14 3
35 15 3
35 19 3
35 21 3
35 23 3
35 24 3
35 25 3
35 26 3
35 27 3
35 28 3
35 29 3
35 30 3
35 32 3
35 34 3
35 37 3
35 38 3
35 39 3
35 40 3
35 41 3
35 42 3
35 43 3
35 44 3
35 45 3
35 46 3
35 47 3
35 49 3
35 50 3
35 51 3
35 53 3
35 54 3
35 56 3
35 57 3
35 59 3
35 60 3
35 61 3
35 62 3
35 66 3
35 69 3
35 71 3
35 72 3
35 73 3
35 75 3
35 76 3
35 77 3
35 78 3
35 79 3
35 80 3
35 81 3
35 82 3
35 84 3
35 86 3
35 87 3
35 89 3
35 90 3
35 91 3
35 93 3
35 94 3
35 95 3
35 96 3
35 97 3
35 98 3
35 100 3
36 1 3
36 2 3
36 3 3
36 4 3
36 7 3
36 9 3
36 10 3
36 12 3
36 13 3
36 14 3
36 15 3
36 17 3
36 19 3
36 20 3
36 22 3
36 26 3
36 27 3
36 28 3
36 29 3
36 31 3
36 33 3
36 34 3
36 35 3
36 36 3
36 39 3
36 41 3
36 42 3
36 43 3
36 45 3
36 46 3
36 47 3
36 52 3
36 55 3
36 58 3
36 59 3
36 60 3
36 61 3
36 62 3
36 63 3
36 64 3
36 65 3
36 66 3
36 68 3
36 71 3
36 72 3
36 74 3
36 76 3
36 77 3
36 80 3
36 81 3
36 82 3
36 83 3
36 85 3
36 86 3
36 87 3
36 88 3
36 90 3
36 92 3
36 93 3
36 94 3
36 95 3
36 98 3
36 99 3
36 100 3
37 1 3
37 2 3
37 3 3
37 4 3
37 5 3
37 6 3
37 8 3
37 11 3
37 12 3
37 13 3
37 15 3
37 16 3
37 17 3
37 19 3
37 21 3
37 22 3
37 23 3
37 25 3
37 28 3
37 29 3
37 30 3
37 31 3
37 35 3
37 36 3
37 37 3
37 38 3
37 39 3
37 42 3
37 44 3
37 47 3
37 48 3
37 50 3
37 51 3
37 52 3
37 53 3
37 54 3
37 55 3
37 56 3
37 58 3
37 61 3
37 62 3
37 64 3
37 66 3
37 68 3
37 69 3
37 73 3
37 76 3
37 79 3
37 82 3
37 85 3
37 86 3
37 87 3
37 88 3
37 89 3
37 91 3
37 93 3
37 94 3
37 95 3
37 96 3
37 97 3
37 98 3
37 99 3
38 1 3
38 4 3
38 5 3
38 6 3
38 7 3
38 8 3
38 9 3
38 11 3
38 12 3
38 13 3
38 14 3
38 15 3
38 16 3
38 17 3
38 18 3
38 19 3
38 20 3
38 21 3
38 22 3
38 23 3
38 24 3
38 25 3
38 26 3
38 28 3
38 29 3
38 32 3
38 33 3
38 34 3
38 35 3
38 36 3
38 37 3
38 38 3
38 39 3
38 40 3
38 41 3
38 42 3
38 43 3
38 44 3
38 46 3
38 49 3
38 50 3
38 51 3
38 52 3
38 53 3
38 56 3
38 57 3
38 58 3
38 59 3
38 60 3
38 61 3
38 62 3
38 63 3
38 64 3
38 65 3
38 66 3
38 67 3
38 68 3
38 69 3
38 70 3
38 72 3
38 74 3
38 76 3
38 78 3
38 79 3
38 81 3
38 82 3
38 83 3
38 84 3
38 86 3
38 88 3
38 89 3
38 90 3
38 91 3
38 92 3
38 94 3
38 95 3
38 96 3
38 97 3
38 98 3
38 99 3
38 100 3
39 1 3
39 3 3
39 7 3
39 9 3
39 12 3
39 13 3
39 16 3
39 17 3
39 18 3
39 20 3
39 21 3
39 22 3
39 23 3
39 24 3
39 26 3
39 27 3
39 28 3
39 29 3
39 30 3
39 32 3
39 33 3
39 34 3
39 35 3
39 37 3
39 38 3
39 40 3
39 43 3
39 46 3
39 47 3
39 48 3
39 49 3
39 50 3
39 53 3
39 54 3
39 55 3
39 56 3
39 57 3
39 58 3
39 59 3
39 60 3
39 61 3
39 62 3
39 63 3
39 69 3
39 70 3
39 71 3
39 72 3
39 73 3
39 74 3
39 75 3
39 76 3
39 77 3
39 78 3
39 79 3
39 81 3
39 84 3
39 85 3
39 87 3
39 88 3
39 89 3
39 92 3
39 93 3
39 96 3
39 99 3
39 100 3
40 2 3
40 3 3
40 5 3
40 7 3
40 8 3
40 9 3
40 10 3
40 11 3
40 12 3
40 13 3
40 16 3
40 17 3
40 18 3
40 20 3
40 22 3
40 24 3
40 25 3
40 26 3
40 28 3
40 29 3
40 30 3
40 31 3
40 32 3
40 33 3
40 34 3
40 35 3
40 36 3
40 37 3
40 38 3
40 40 3
40 41 3
40 42 3
40 45 3
40 46 3
40 47 3
40 48 3
40 49 3
40 50 3
40 51 3
40 52 3
40 53 3
40 54 3
40 55 3
40 57 3
40 58 3
40 59 3
40 60 3
40 62 3
40 63 3
40 66 3
40 67 3
40 68 3
40 69 3
40 70 3
40 71 3
40 72 3
40 73 3
40 74 3
40 75 3
40 76 3
40 78 3
40 79 3
40 80 3
40 83 3
40 84 3
40 86 3
40 87 3
40 88 3
40 89 3
40 90 3
40 93 3
40 94 3
40 95 3
40 97 3
40 98 3
40 99 3
41 1 3
41 2 3
41 4 3
41 5 3
41 8 3
41 9 3
41 10 3
41 11 3
41 12 3
41 15 3
41 16 3
41 17 3
41 19 3
41 20 3
41 21 3
41 22 3
41 23 3
41 24 3
41 25 3
41 26 3
41 27 3
41 29 3
41 30 3
41 31 3
41 32 3
41 33 3
41 34 3
41 35 3
41 36 3
41 37 3
41 38 3
41 39 3
41 40 3
41 41 3
41 42 3
41 44 3
41 46 3
41 49 3
41 50 3
41 51 3
41 53 3
41 54 3
41 56 3
41 57 3
41 59 3
41 60 3
41 61 3
41 64 3
41 65 3
41 66 3
41 67 3
41 68 3
41 69 3
41 70 3
41 72 3
41 73 3
41 76 3
41 77 3
41 78 3
41 79 3
41 80 3
41 81 3
41 82 3
41 83 3
41 84 3
41 85 3
41 86 3
41 90 3
41 91 3
41 92 3
41 96 3
41 97 3
41 98 3
41 99 3
41 100 3
42 1 3
42 3 3
42 4 3
42 6 3
42 7 3
42 8 3
42 9 3
42 10 3
42 11 3
42 12 3
42 13 3
42 16 3
42 17 3
42 19 3
42 20 3
42 21 3
42 23 3
42 24 3
42 27 3
42 28 3
42 30 3
42 31 3
42 32 3
42 36 3
42 37 3
42 38 3
42 40 3
42 42 3
42 44 3
42 45 3
42 46 3
42 51 3
42 52 3
42 53 3
42 54 3
42 56 3
42 58 3
42 60 3
42 61 3
42 65 3
42 66 3
42 67 3
42 68 3
42 69 3
42 70 3
42 71 3
42 74 3
42 76 3
42 77 3
42 78 3
42 80 3
42 81 3
42 85 3
42 88 3
42 89 3
42 90 3
42 92 3
42 93 3
42 96 3
42 97 3
42 99 3
42 100 3
43 1 3
43 2 3
43 3 3
43 4 3
43 5 3
43 6 3
43 7 3
43 8 3
43 9 3
43 10 3
43 11 3
43 13 3
43 14 3
43 15 3
43 16 3
43 18 3
43 20 3
43 21 3
43 22 3
43 24 3
43 25 3
43 26 3
43 27 3
43 28 3
43 29 3
43 30 3
43 31 3
43 32 3
43 33 3
43 35 3
43 36 3
43 37 3
43 39 3
43 40 3
43 41 3
43 43 3
43 44 3
43 45 3
43 47 3
43 48 3
43 49 3
43 50 3
43 51 3
43 52 3
43 53 3
43 54 3
43 55 3
43 56 3
43 57 3
43 58 3
43 59 3
43 61 3
43 63 3
43 64 3
43 65 3
43 66 3
43 68 3
43 70 3
43 72 3
43 78 3
43 79 3
43 80 3
43 81 3
43 82 3
43 84 3
43 85 3
43 86 3
43 87 3
43 88 3
43 89 3
43 90 3
43 91 3
43 92 3
43 93 3
43 97 3
43 98 3
44 1 3
44 7 3
44 8 3
44 9 3
44 10 3
44 11 3
44 12 3
44 17 3
44 18 3
44 20 3
44 21 3
44 22 3
44 23 3
44 25 3
44 26 3
44 27 3
44 29 3
44 30 3
44 31 3
44 34 3
44 35 3
44 36 3
44 37 3
44 40 3
44 41 3
44 42 3
44 44 3
44 45 3
44 46 3
44 47 3
44 48 3
44 50 3
44 51 3
44 52 3
44 54 3
44 55 3
44 57 3
44 60 3
44 61 3
44 63 3
44 64 3
44 66 3
44 67 3
44 68 3
44 71 3
44 72 3
44 74 3
44 75 3
44 76 3
44 78 3
44 80 3
44 82 3
44 83 3
44 84 3
44 87 3
44 88 3
44 89 3
44 90 3
44 91 3
44 92 3
44 94 3
44 95 3
44 97 3
44 99 3
45 1 3
45 3 3
45 7 3
45 9 3
45 10 3
45 11 3
45 13 3
45 15 3
45 16 3
45 17 3
45 18 3
45 19 3
45 20 3
45 23 3
45 24 3
45 26 3
45 27 3
45 28 3
45 29 3
45 30 3
45 31 3
45 32 3
45 33 3
45 35 3
45 36 3
45 37 3
45 39 3
45 40 3
45 41 3
45 42 3
45 43 3
45 46 3
45 47 3
45 48 3
45 51 3
45 53 3
45 55 3
45 56 3
45 59 3
45 61 3
45 63 3
45 65 3
45 68 3
45 69 3
45 70 3
45 72 3
45 74 3
45 76 3
45 77 3
45 78 3
45 80 3
45 81 3
45 85 3
45 86 3
45 87 3
45 88 3
45 89 3
45 90 3
45 91 3
45 92 3
45 93 3
45 97 3
45 100 3
46 1 3
46 3 3
46 5 3
46 7 3
46 8 3
46 11 3
46 12 3
46 14 3
46 17 3
46 18 3
46 19 3
46 20 3
46 21 3
46 22 3
46 23 3
46 24 3
46 25 3
46 26 3
46 28 3
46 29 3
46 30 3
46 31 3
46 32 3
46 34 3
46 35 3
46 36 3
46 37 3
46 39 3
46 41 3
46 42 3
46 43 3
46 45 3
46 46 3
46 49 3
46 50 3
46 51 3
46 52 3
46 53 3
46 54 3
46 55 3
46 56 3
46 57 3
46 59 3
46 60 3
46 61 3
46 62 3
46 63 3
46 65 3
46 67 3
46 68 3
46 69 3
46 70 3
46 71 3
46 72 3
46 73 3
46 74 3
46 75 3
46 76 3
46 77 3
46 79 3
46 81 3
46 82 3
46 83 3
46 84 3
46 86 3
46 87 3
46 88 3
46 90 3
46 91 3
46 92 3
46 93 3
46 94 3
46 96 3
46 97 3
46 99 3
46 100 3
47 1 3
47 2 3
47 3 3
47 4 3
47 8 3
47 10 3
47 11 3
47 12 3
47 13 3
47 14 3
47 15 3
47 16 3
47 17 3
47 18 3
47 19 3
47 20 3
47 21 3
47 22 3
47 23 3
47 24 3
47 25 3
47 28 3
47 29 3
47 32 3
47 33 3
47 34 3
47 35 3
47 36 3
47 37 3
47 40 3
47 41 3
47 42 3
47 43 3
47 44 3
47 45 3
47 46 3
47 48 3
47 52 3
47 60 3
47 62 3
47 63 3
47 64 3
47 65 3
47 66 3
47 68 3
47 71 3
47 72 3
47 74 3
47 76 3
47 80 3
47 81 3
47 85 3
47 86 3
47 90 3
47 91 3
47 92 3
47 93 3
47 94 3
47 95 3
47 98 3
47 99 3
47 100 3
48 1 3
48 2 3
48 3 3
48 4 3
48 5 3
48 6 3
48 7 3
48 8 3
48 9 3
48 10 3
48 11 3
48 12 3
48 14 3
48 15 3
48 16 3
48 17 3
48 19 3
48 20 3
48 21 3
48 22 3
48 23 3
48 24 3
48 25 3
48 27 3
48 29 3
48 30 3
48 31 3
48 32 3
48 33 3
48 35 3
48 37 3
48 38 3
48 39 3
48 40 3
48 41 3
48 42 3
48 43 3
48 44 3
48 45 3
48 47 3
48 54 3
48 55 3
48 56 3
48 57 3
48 61 3
48 65 3
48 66 3
48 67 3
48 68 3
48 69 3
48 70 3
48 71 3
48 72 3
48 73 3
48 75 3
48 77 3
48 79 3
48 80 3
48 81 3
48 82 3
48 83 3
48 84 3
48 85 3
48 86 3
48 87 3
48 88 3
48 89 3
48 90 3
48 91 3
48 94 3
48 97 3
48 98 3
48 100 3
49 3 3
49 4 3
49 5 3
49 6 3
49 7 3
49 8 3
49 9 3
49 12 3
49 13 3
49 14 3
49 17 3
49 18 3
49 19 3
49 20 3
49 21 3
49 23 3
49 24 3
49 26 3
49 27 3
49 29 3
49 30 3
49 31 3
49 32 3
49 34 3
49 36 3
49 37 3
49 38 3
49 41 3
49 43 3
49 44 3
49 45 3
49 46 3
49 48 3
49 50 3
49 51 3
49 52 3
49 54 3
49 55 3
49 56 3
49 57 3
49 58 3
49 60 3
49 61 3
49 62 3
49 64 3
49 65 3
49 66 3
49 67 3
49 68 3
49 70 3
49 71 3
49 72 3
49 73 3
49 74 3
49 75 3
49 76 3
49 78 3
49 79 3
49 80 3
49 81 3
49 82 3
49 84 3
49 85 3
49 86 3
49 87 3
49 89 3
49 90 3
49 91 3
49 92 3
49 94 3
49 95 3
49 96 3
49 97 3
49 98 3
49 99 3
50 1 3
50 3 3
50 5 3
50 6 3
50 7 3
50 9 3
50 10 3
50 11 3
50 12 3
50 13 3
50 14 3
50 18 3
50 19 3
50 20 3
50 21 3
50 22 3
50 23 3
50 24 3
50 25 3
50 26 3
50 27 3
50 28 3
50 30 3
50 32 3
50 34 3
50 35 3
50 36 3
50 37 3
50 38 3
50 39 3
50 40 3
50 41 3
50 42 3
50 45 3
50 47 3
50 48 3
50 49 3
50 50 3
50 51 3
50 52 3
50 54 3
50 55 3
50 56 3
50 58 3
50 62 3
50 63 3
50 64 3
50 65 3
50 66 3
50 67 3
50 70 3
50 72 3
50 73 3
50 74 3
50 75 3
50 76 3
50 77 3
50 78 3
50 79 3
50 80 3
50 81 3
50 82 3
50 83 3
50 84 3
50 85 3
50 86 3
50 88 3
50 89 3
50 91 3
50 92 3
50 93 3
50 94 3
50 96 3
50 97 3
50 99 3
50 100 3
51 2 3
51 4 3
51 5 3
51 6 3
51 8 3
51 15 3
51 16 3
51 18 3
51 20 3
51 21 3
51 22 3
51 25 3
51 27 3
51 28 3
51 29 3
51 30 3
51 31 3
51 32 3
51 33 3
51 34 3
51 35 3
51 36 3
51 41 3
51 42 3
51 44 3
51 45 3
51 46 3
51 47 3
51 48 3
51 49 3
51 52 3
51 55 3
51 56 3
51 58 3
51 61 3
51 63 3
51 65 3
51 67 3
51 68 3
51 69 3
51 70 3
51 73 3
51 74 3
51 75 3
51 76 3
51 78 3
51 80 3
51 81 3
51 82 3
51 83 3
51 84 3
51 87 3
51 88 3
51 89 3
51 93 3
51 94 3
51 95 3
51 96 3
51 97 3
52 1 3
52 2 3
52 3 3
52 4 3
52 6 3
52 7 3
52 9 3
52 10 3
52 11 3
52 12 3
52 13 3
52 14 3
52 15 3
52 16 3
52 17 3
52 18 3
52 19 3
52 21 3
52 23 3
52 25 3
52 26 3
52 27 3
52 28 3
52 29 3
52 33 3
52 37 3
52 39 3
52 41 3
52 42 3
52 44 3
52 46 3
52 47 3
52 48 3
52 51 3
52 52 3
52 53 3
52 55 3
52 56 3
52 57 3
52 61 3
52 62 3
52 63 3
52 65 3
52 66 3
52 68 3
52 70 3
52 74 3
52 75 3
52 76 3
52 77 3
52 78 3
52 79 3
52 80 3
52 81 3
52 82 3
52 83 3
52 84 3
52 85 3
52 86 3
52 87 3
52 93 3
52 94 3
52 95 3
52 97 3
52 99 3
52 100 3
53 2 3
53 3 3
53 4 3
53 5 3
53 7 3
53 8 3
53 13 3
53 14 3
53 15 3
53 17 3
53 18 3
53 19 3
53 21 3
53 22 3
53 24 3
53 25 3
53 26 3
53 28 3
53 29 3
53 30 3
53 31 3
53 32 3
53 33 3
53 34 3
53 35 3
53 36 3
53 38 3
53 40 3
53 41 3
53 42 3
53 43 3
53 44 3
53 45 3
53 46 3
53 48 3
53 49 3
53 51 3
53 53 3
53 54 3
53 55 3
53 57 3
53 58 3
53 62 3
53 64 3
53 70 3
53 76 3
53 77 3
53 79 3
53 80 3
53 81 3
53 82 3
53 84 3
53 85 3
53 86 3
53 87 3
53 89 3
53 90 3
53 91 3
53 93 3
53 94 3
53 95 3
53 96 3
53 97 3
53 98 3
53 100 3
54 1 3
54 3 3
54 4 3
54 5 3
54 6 3
54 8 3
54 10 3
54 12 3
54 13 3
54 14 3
54 15 3
54 16 3
54 18 3
54 22 3
54 23 3
54 26 3
54 28 3
54 29 3
54 33 3
54 34 3
54 36 3
54 37 3
54 39 3
54 40 3
54 41 3
54 42 3
54 43 3
54 44 3
54 45 3
54 46 3
54 47 3
54 48 3
54 49 3
54 50 3
54 51 3
54 52 3
54 55 3
54 56 3
54 57 3
54 59 3
54 61 3
54 62 3
54 63 3
54 64 3
54 66 3
54 68 3
54 69 3
54 71 3
54 72 3
54 73 3
54 74 3
54 75 3
54 76 3
54 78 3
54 79 3
54 80 3
54 82 3
54 83 3
54 84 3
54 85 3
54 87 3
54 89 3
54 90 3
54 92 3
54 93 3
54 95 3
54 96 3
54 97 3
54 98 3
54 100 3
55 1 3
55 2 3
55 3 3
55 4 3
55 5 3
55 6 3
55 8 3
55 9 3
55 12 3
55 14 3
55 15 3
55 16 3
55 17 3
55 18 3
55 19 3
55 21 3
55 22 3
55 24 3
55 26 3
55 27 3
55 31 3
55 32 3
55 33 3
55 34 3
55 35 3
55 36 3
55 37 3
55 39 3
55 40 3
55 41 3
55 42 3
55 43 3
55 45 3
55 46 3
55 47 3
55 48 3
55 49 3
55 51 3
55 53 3
55 54 3
55 55 3
55 56 3
55 57 3
55 58 3
55 59 3
55 60 3
55 61 3
55 62 3
55 63 3
55 64 3
55 65 3
55 66 3
55 68 3
55 69 3
55 70 3
55 73 3
55 76 3
55 77 3
55 80 3
55 81 3
55 82 3
55 83 3
55 84 3
55 88 3
55 89 3
55 90 3
55 91 3
55 92 3
55 93 3
55 94 3
55 95 3
55 97 3
55 98 3
55 99 3
55 100 3
56 1 3
56 4 3
56 5 3
56 7 3
56 9 3
56 10 3
56 11 3
56 13 3
56 16 3
56 17 3
56 18 3
56 19 3
56 20 3
56 24 3
56 26 3
56 27 3
56 29 3
56 31 3
56 32 3
56 33 3
56 34 3
56 35 3
56 36 3
56 38 3
56 39 3
56 40 3
56 41 3
56 43 3
56 44 3
56 45 3
56 46 3
56 47 3
56 48 3
56 50 3
56 51 3
56 52 3
56 55 3
56 56 3
56 57 3
56 58 3
56 60 3
56 61 3
56 64 3
56 65 3
56 66 3
56 68 3
56 69 3
56 71 3
56 72 3
56 73 3
56 74 3
56 75 3
56 77 3
56 78 3
56 80 3
56 82 3
56 83 3
56 84 3
56 85 3
56 88 3
56 90 3
56 92 3
56 93 3
56 94 3
56 95 3
56 96 3
56 99 3
56 100 3
57 1 3
57 2 3
57 3 3
57 4 3
57 5 3
57 7 3
57 8 3
57 9 3
57 10 3
57 11 3
57 12 3
57 13 3
57 14 3
57 18 3
57 21 3
57 22 3
57 23 3
57 24 3
57 25 3
57 26 3
57 27 3
57 28 3
57 31 3
57 33 3
57 34 3
57 35 3
57 36 3
57 37 3
57 38 3
57 39 3
57 41 3
57 42 3
57 43 3
57 45 3
57 46 3
57 47 3
57 49 3
57 50 3
57 52 3
57 53 3
57 55 3
57 56 3
57 58 3
57 59 3
57 60 3
57 61 3
57 62 3
57 65 3
57 66 3
57 67 3
57 68 3
57 71 3
57 76 3
57 77 3
57 78 3
57 79 3
57 80 3
57 81 3
57 83 3
57 84 3
57 86 3
57 87 3
57 89 3
57 90 3
57 93 3
57 94 3
57 95 3
57 96 3
57 97 3
58 1 3
58 2 3
58 3 3
58 6 3
58 8 3
58 11 3
58 14 3
58 15 3
58 16 3
58 18 3
58 19 3
58 20 3
58 21 3
58 22 3
58 23 3
58 25 3
58 26 3
58 27 3
58 28 3
58 29 3
58 30 3
58 31 3
58 33 3
58 34 3
58 35 3
58 37 3
58 38 3
58 40 3
58 41 3
58 45 3
58 46 3
58 47 3
58 49 3
58 51 3
58 53 3
58 54 3
58 55 3
58 57 3
58 59 3
58 60 3
58 62 3
58 63 3
58 64 3
58 65 3
58 66 3
58 67 3
58 69 3
58 70 3
58 71 3
58 72 3
58 73 3
58 74 3
58 75 3
58 77 3
58 78 3
58 79 3
58 80 3
58 81 3
58 83 3
58 84 3
58 85 3
58 86 3
58 87 3
58 88 3
58 91 3
58 92 3
58 93 3
58 94 3
58 96 3
58 100 3
59 2 3
59 3 3
59 5 3
59 6 3
59 7 3
59 8 3
59 11 3
59 13 3
59 15 3
59 16 3
59 17 3
59 18 3
59 19 3
59 20 3
59 21 3
59 22 3
59 23 3
59 25 3
59 26 3
59 27 3
59 28 3
59 29 3
59 30 3
59 31 3
59 33 3
59 34 3
59 35 3
59 36 3
59 38 3
59 39 3
59 40 3
59 41 3
59 42 3
59 43 3
59 46 3
59 48 3
59 49 3
59 50 3
59 52 3
59 54 3
59 55 3
59 56 3
59 57 3
59 60 3
59 61 3
59 62 3
59 64 3
59 65 3
59 66 3
59 67 3
59 76 3
59 77 3
59 79 3
59 86 3
59 87 3
59 89 3
59 90 3
59 91 3
59 92 3
59 93 3
59 94 3
59 96 3
59 98 3
60 2 3
60 3 3
60 4 3
60 5 3
60 6 3
60 7 3
60 8 3
60 9 3
60 12 3
60 13 3
60 15 3
60 17 3
60 18 3
60 19 3
60 20 3
60 21 3
60 23 3
60 25 3
60 27 3
60 29 3
60 31 3
60 32 3
60 33 3
60 34 3
60 36 3
60 41 3
60 42 3
60 43 3
60 45 3
60 46 3
60 50 3
60 51 3
60 52 3
60 53 3
60 54 3
60 56 3
60 57 3
60 58 3
60 59 3
60 60 3
60 63 3
60 64 3
60 65 3
60 67 3
60 69 3
60 70 3
60 71 3
60 74 3
60 76 3
60 77 3
60 78 3
60 79 3
60 82 3
60 83 3
60 84 3
60 85 3
60 86 3
60 87 3
60 88 3
60 89 3
60 91 3
60 92 3
60 93 3
60 95 3
60 96 3
60 97 3
60 99 3
60 100 3
61 1 3
61 2 3
61 5 3
61 6 3
61 7 3
61 8 3
61 10 3
61 12 3
61 13 3
61 14 3
61 15 3
61 16 3
61 18 3
61 20 3
61 21 3
61 22 3
61 23 3
61 24 3
61 25 3
61 26 3
61 27 3
61 28 3
61 32 3
61 33 3
61 34 3
61 36 3
61 37 3
61 38 3
61 39 3
61 40 3
61 41 3
61 42 3
61 44 3
61 46 3
61 47 3
61 49 3
61 50 3
61 51 3
61 52 3
61 53 3
61 54 3
61 55 3
61 56 3
61 57 3
61 58 3
61 60 3
61 61 3
61 62 3
61 65 3
61 70 3
61 71 3
61 72 3
61 73 3
61 74 3
61 75 3
61 79 3
61 80 3
61 82 3
61 85 3
61 87 3
61 88 3
61 89 3
61 91 3
61 93 3
61 94 3
61 95 3
61 96 3
61 97 3
61 98 3
61 100 3
62 2 3
62 3 3
62 5 3
62 6 3
62 7 3
62 8 3
62 9 3
62 10 3
62 14 3
62 16 3
62 17 3
62 18 3
62 19 3
62 20 3
62 21 3
62 24 3
62 25 3
62 26 3
62 28 3
62 29 3
62 30 3
62 31 3
62 32 3
62 33 3
62 34 3
62 35 3
62 36 3
62 38 3
62 39 3
62 40 3
62 41 3
62 42 3
62 44 3
62 45 3
62 46 3
62 47 3
62 50 3
62 56 3
62 57 3
62 58 3
62 59 3
62 60 3
62 61 3
62 62 3
62 63 3
62 64 3
62 65 3
62 66 3
62 67 3
62 69 3
62 70 3
62 71 3
62 72 3
62 73 3
62 74 3
62 76 3
62 77 3
62 81 3
62 82 3
62 83 3
62 87 3
62 88 3
62 89 3
62 90 3
62 91 3
62 92 3
62 93 3
62 95 3
62 96 3
62 98 3
62 99 3
63 1 3
63 2 3
63 3 3
63 5 3
63 6 3
63 8 3
63 9 3
63 10 3
63 11 3
63 12 3
63 13 3
63 15 3
63 16 3
63 18 3
63 20 3
63 21 3
63 23 3
63 24 3
63 26 3
63 29 3
63 30 3
63 32 3
63 33 3
63 34 3
63 35 3
63 36 3
63 40 3
63 41 3
63 42 3
63 44 3
63 45 3
63 46 3
63 47 3
63 48 3
63 50 3
63 52 3
63 54 3
63 55 3
63 56 3
63 57 3
63 61 3
63 62 3
63 63 3
63 64 3
63 66 3
63 68 3
63 69 3
63 70 3
63 72 3
63 73 3
63 74 3
63 75 3
63 76 3
63 78 3
63 79 3
63 80 3
63 81 3
63 82 3
63 84 3
63 86 3
63 88 3
63 89 3
63 91 3
63 92 3
63 93 3
63 94 3
63 95 3
63 98 3
63 100 3
64 2 3
64 4 3
64 5 3
64 6 3
64 7 3
64 8 3
64 10 3
64 12 3
64 13 3
64 14 3
64 16 3
64 19 3
64 20 3
64 21 3
64 22 3
64 23 3
64 24 3
64 25 3
64 26 3
64 27 3
64 31 3
64 32 3
64 33 3
64 35 3
64 36 3
64 37 3
64 38 3
64 40 3
64 41 3
64 43 3
64 44 3
64 45 3
64 46 3
64 47 3
64 50 3
64 51 3
64 52 3
64 53 3
64 55 3
64 56 3
64 57 3
64 59 3
64 61 3
64 62 3
64 64 3
64 65 3
64 68 3
64 69 3
64 70 3
64 71 3
64 72 3
64 73 3
64 75 3
64 76 3
64 77 3
64 78 3
64 79 3
64 80 3
64 81 3
64 82 3
64 85 3
64 91 3
64 95 3
64 96 3
64 98 3
64 99 3
64 100 3
65 1 3
65 2 3
65 3 3
65 4 3
65 5 3
65 6 3
65 8 3
65 10 3
65 11 3
65 12 3
65 13 3
65 14 3
65 15 3
65 16 3
65 17 3
65 18 3
65 19 3
65 20 3
65 21 3
65 22 3
65 23 3
65 25 3
65 28 3
65 29 3
65 31 3
65 32 3
65 34 3
65 35 3
65 36 3
65 37 3
65 38 3
65 40 3
65 41 3
65 42 3
65 44 3
65 45 3
65 47 3
65 49 3
65 50 3
65 52 3
65 53 3
65 55 3
65 56 3
65 57 3
65 58 3
65 60 3
65 61 3
65 62 3
65 64 3
65 67 3
65 68 3
65 71 3
65 73 3
65 74 3
65 76 3
65 77 3
65 79 3
65 80 3
65 81 3
65 82 3
65 83 3
65 84 3
65 86 3
65 87 3
65 89 3
65 90 3
65 91 3
65 92 3
65 93 3
65 94 3
65 95 3
65 96 3
65 97 3
65 98 3
65 99 3
66 3 3
66 4 3
66 6 3
66 8 3
66 11 3
66 13 3
66 15 3
66 16 3
66 17 3
66 19 3
66 20 3
66 21 3
66 22 3
66 23 3
66 27 3
66 31 3
66 32 3
66 33 3
66 36 3
66 37 3
66 38 3
66 39 3
66 40 3
66 42 3
66 43 3
66 44 3
66 45 3
66 47 3
66 48 3
66 49 3
66 51 3
66 52 3
66 53 3
66 54 3
66 55 3
66 56 3
66 58 3
66 59 3
66 61 3
66 62 3
66 64 3
66 65 3
66 67 3
66 69 3
66 70 3
66 71 3
66 73 3
66 74 3
66 75 3
66 76 3
66 77 3
66 78 3
66 80 3
66 82 3
66 83 3
66 84 3
66 86 3
66 89 3
66 90 3
66 92 3
66 93 3
66 96 3
66 97 3
66 98 3
66 99 3
66 100 3
67 1 3
67 2 3
67 3 3
67 5 3
67 7 3
67 8 3
67 10 3
67 11 3
67 12 3
67 15 3
67 18 3
67 19 3
67 20 3
67 21 3
67 22 3
67 23 3
67 25 3
67 26 3
67 28 3
67 29 3
67 31 3
67 32 3
67 33 3
67 34 3
67 35 3
67 37 3
67 38 3
67 40 3
67 41 3
67 44 3
67 45 3
67 47 3
67 48 3
67 49 3
67 50 3
67 51 3
67 52 3
67 57 3
67 59 3
67 62 3
67 63 3
67 64 3
67 66 3
67 67 3
67 68 3
67 70 3
67 72 3
67 73 3
67 74 3
67 75 3
67 76 3
67 77 3
67 79 3
67 81 3
67 82 3
67 84 3
67 85 3
67 86 3
67 87 3
67 88 3
67 89 3
67 90 3
67 92 3
67 93 3
67 94 3
67 95 3
67 96 3
67 97 3
67 98 3
67 100 3
68 1 3
68 2 3
68 3 3
68 4 3
68 5 3
68 6 3
68 7 3
68 9 3
68 11 3
68 12 3
68 13 3
68 14 3
68 15 3
68 17 3
68 19 3
68 20 3
68 21 3
68 22 3
68 23 3
68 25 3
68 27 3
68 29 3
68 30 3
68 31 3
68 32 3
68 33 3
68 34 3
68 35 3
68 37 3
68 38 3
68 39 3
68 40 3
68 41 3
68 43 3
68 45 3
68 47 3
68 48 3
68 50 3
68 51 3
68 52 3
68 53 3
68 54 3
68 55 3
68 56 3
68 57 3
68 58 3
68 59 3
68 60 3
68 61 3
68 65 3
68 66 3
68 67 3
68 68 3
68 69 3
68 72 3
68 74 3
68 75 3
68 76 3
68 78 3
68 79 3
68 80 3
68 81 3
68 82 3
68 83 3
68 84 3
68 85 3
68 86 3
68 87 3
68 89 3
68 90 3
68 91 3
68 92 3
68 94 3
68 97 3
68 99 3
68 100 3
69 1 3
69 3 3
69 4 3
69 5 3
69 8 3
69 10 3
69 11 3
69 16 3
69 17 3
69 19 3
69 21 3
69 22 3
69 23 3
69 25 3
69 26 3
69 28 3
69 29 3
69 30 3
69 31 3
69 33 3
69 34 3
69 36 3
69 37 3
69 38 3
69 39 3
69 40 3
69 41 3
69 43 3
69 45 3
69 48 3
69 49 3
69 50 3
69 51 3
69 52 3
69 53 3
69 54 3
69 55 3
69 56 3
69 57 3
69 59 3
69 62 3
69 63 3
69 64 3
69 65 3
69 66 3
69 68 3
69 69 3
69 70 3
69 72 3
69 73 3
69 74 3
69 75 3
69 76 3
69 77 3
69 78 3
69 80 3
69 81 3
69 82 3
69 83 3
69 84 3
69 86 3
69 87 3
69 89 3
69 90 3
69 92 3
69 94 3
69 95 3
69 97 3
70 1 3
70 2 3
70 3 3
70 4 3
70 6 3
70 7 3
70 9 3
70 10 3
70 11 3
70 12 3
70 13 3
70 14 3
70 15 3
70 16 3
70 17 3
70 18 3
70 19 3
70 21 3
70 22 3
70 23 3
70 24 3
70 25 3
70 27 3
70 28 3
70 30 3
70 32 3
70 33 3
70 35 3
70 36 3
70 37 3
70 38 3
70 39 3
70 40 3
70 41 3
70 42 3
70 44 3
70 46 3
70 47 3
70 48 3
70 49 3
70 50 3
70 51 3
70 52 3
70 53 3
70 54 3
70 55 3
70 56 3
70 57 3
70 58 3
70 62 3
70 63 3
70 64 3
70 65 3
70 66 3
70 68 3
70 69 3
70 71 3
70 72 3
70 73 3
70 74 3
70 76 3
70 78 3
70 79 3
70 80 3
70 81 3
70 82 3
70 84 3
70 85 3
70 86 3
70 87 3
70 91 3
70 92 3
70 95 3
70 96 3
70 97 3
70 98 3
70 99 3
71 1 3
71 3 3
71 5 3
71 6 3
71 7 3
71 8 3
71 9 3
71 10 3
71 11 3
71 13 3
71 14 3
71 15 3
71 16 3
71 17 3
71 19 3
71 20 3
71 26 3
71 27 3
71 28 3
71 29 3
71 30 3
71 32 3
71 33 3
71 35 3
71 36 3
71 38 3
71 39 3
71 40 3
71 41 3
71 43 3
71 46 3
71 47 3
71 50 3
71 52 3
71 53 3
71 56 3
71 59 3
71 60 3
71 61 3
71 62 3
71 64 3
71 67 3
71 68 3
71 69 3
71 70 3
71 72 3
71 73 3
71 74 3
71 75 3
71 76 3
71 77 3
71 79 3
71 80 3
71 82 3
71 84 3
71 85 3
71 86 3
71 87 3
71 89 3
71 90 3
71 91 3
71 92 3
71 98 3
71 99 3
71 100 3
72 1 3
72 4 3
72 5 3
72 6 3
72 7 3
72 8 3
72 11 3
72 12 3
72 13 3
72 14 3
72 16 3
72 17 3
72 18 3
72 19 3
72 20 3
72 21 3
72 22 3
72 23 3
72 24 3
72 25 3
72 26 3
72 28 3
72 29 3
72 30 3
72 31 3
72 32 3
72 33 3
72 34 3
72 37 3
72 38 3
72 40 3
72 41 3
72 42 3
72 43 3
72 44 3
72 45 3
72 46 3
72 47 3
72 51 3
72 52 3
72 53 3
72 54 3
72 55 3
72 57 3
72 58 3
72 66 3
72 67 3
72 68 3
72 69 3
72 70 3
72 71 3
72 72 3
72 73 3
72 74 3
72 75 3
72 76 3
72 77 3
72 78 3
72 79 3
72 80 3
72 81 3
72 83 3
72 86 3
72 87 3
72 90 3
72 92 3
72 95 3
72 96 3
72 99 3
72 100 3
73 1 3
73 3 3
73 4 3
73 6 3
73 7 3
73 8 3
73 9 3
73 10 3
73 11 3
73 14 3
73 15 3
73 17 3
73 18 3
73 19 3
73 20 3
73 21 3
73 22 3
73 25 3
73 27 3
73 29 3
73 30 3
73 31 3
73 32 3
73 33 3
73 34 3
73 36 3
73 40 3
73 42 3
73 44 3
73 45 3
73 48 3
73 49 3
73 51 3
73 52 3
73 53 3
73 54 3
73 55 3
73 57 3
73 58 3
73 59 3
73 60 3
73 61 3
73 62 3
73 64 3
73 67 3
73 69 3
73 70 3
73 71 3
73 74 3
73 75 3
73 77 3
73 78 3
73 79 3
73 82 3
73 83 3
73 84 3
73 86 3
73 87 3
73 88 3
73 90 3
73 91 3
73 94 3
73 95 3
73 96 3
73 99 3
73 100 3
74 2 3
74 4 3
74 6 3
74 9 3
74 10 3
74 13 3
74 14 3
74 15 3
74 16 3
74 18 3
74 19 3
74 23 3
74 24 3
74 25 3
74 26 3
74 27 3
74 28 3
74 29 3
74 30 3
74 31 3
74 32 3
74 34 3
74 35 3
74 36 3
74 38 3
74 39 3
74 40 3
74 41 3
74 42 3
74 43 3
74 45 3
74 46 3
74 47 3
74 49 3
74 50 3
74 51 3
74 52 3
74 53 3
74 54 3
74 55 3
74 56 3
74 57 3
74 58 3
74 61 3
74 62 3
74 63 3
74 64 3
74 65 3
74 66 3
74 67 3
74 68 3
74 69 3
74 70 3
74 72 3
74 73 3
74 74 3
74 77 3
74 78 3
74 80 3
74 82 3
74 85 3
74 87 3
74 88 3
74 89 3
74 92 3
74 94 3
74 95 3
74 96 3
74 97 3
74 99 3
75 1 3
75 2 3
75 4 3
75 7 3
75 8 3
75 10 3
75 11 3
75 12 3
75 14 3
75 15 3
75 17 3
75 18 3
75 19 3
75 20 3
75 21 3
75 22 3
75 23 3
75 24 3
75 25 3
75 26 3
75 27 3
75 29 3
75 32 3
75 34 3
75 35 3
75 37 3
75 39 3
75 41 3
75 44 3
75 45 3
75 47 3
75 48 3
75 49 3
75 50 3
75 51 3
75 54 3
75 57 3
75 58 3
75 59 3
75 61 3
75 62 3
75 63 3
75 64 3
75 65 3
75 66 3
75 68 3
75 69 3
75 71 3
75 72 3
75 73 3
75 75 3
75 76 3
75 77 3
75 79 3
75 81 3
75 86 3
75 88 3
75 89 3
75 90 3
75 92 3
75 94 3
75 95 3
75 96 3
75 97 3
75 98 3
75 99 3
75 100 3
76 1 3
76 2 3
76 3 3
76 4 3
76 5 3
76 6 3
76 8 3
76 9 3
76 12 3
76 13 3
76 15 3
76 16 3
76 17 3
76 18 3
76 21 3
76 22 3
76 23 3
76 24 3
76 25 3
76 27 3
76 28 3
76 29 3
76 30 3
76 31 3
76 32 3
76 33 3
76 35 3
76 37 3
76 38 3
76 39 3
76 40 3
76 41 3
76 42 3
76 43 3
76 46 3
76 47 3
76 48 3
76 49 3
76 50 3
76 53 3
76 55 3
76 56 3
76 57 3
76 58 3
76 59 3
76 60 3
76 61 3
76 62 3
76 64 3
76 65 3
76 67 3
76 68 3
76 70 3
76 71 3
76 72 3
76 73 3
76 77 3
76 78 3
76 79 3
76 81 3
76 83 3
76 84 3
76 85 3
76 89 3
76 91 3
76 93 3
76 94 3
76 97 3
76 100 3
77 1 3
77 2 3
77 4 3
77 5 3
77 6 3
77 7 3
77 8 3
77 9 3
77 10 3
77 11 3
77 13 3
77 15 3
77 16 3
77 17 3
77 19 3
77 21 3
77 23 3
77 24 3
77 26 3
77 27 3
77 29 3
77 30 3
77 31 3
77 32 3
77 33 3
77 36 3
77 37 3
77 42 3
77 43 3
77 44 3
77 45 3
77 46 3
77 50 3
77 51 3
77 54 3
77 55 3
77 57 3
77 58 3
77 59 3
77 60 3
77 62 3
77 63 3
77 64 3
77 65 3
77 66 3
77 67 3
77 68 3
77 70 3
77 72 3
77 74 3
77 75 3
77 77 3
77 78 3
77 79 3
77 81 3
77 82 3
77 83 3
77 85 3
77 86 3
77 87 3
77 88 3
77 89 3
77 90 3
77 91 3
77 93 3
77 94 3
77 95 3
77 96 3
77 97 3
77 99 3
77 100 3
78 1 3
78 2 3
78 3 3
78 4 3
78 6 3
78 7 3
78 9 3
78 10 3
78 11 3
78 12 3
78 13 3
78 14 3
78 15 3
78 16 3
78 17 3
78 18 3
78 20 3
78 21 3
78 23 3
78 24 3
78 25 3
78 27 3
78 28 3
78 29 3
78 31 3
78 33 3
78 35 3
78 38 3
78 39 3
78 41 3
78 42 3
78 43 3
78 44 3
78 45 3
78 47 3
78 48 3
78 49 3
78 51 3
78 54 3
78 55 3
78 57 3
78 58 3
78 60 3
78 61 3
78 63 3
78 64 3
78 65 3
78 66 3
78 67 3
78 69 3
78 70 3
78 71 3
78 72 3
78 73 3
78 74 3
78 75 3
78 76 3
78 77 3
78 78 3
78 80 3
78 83 3
78 84 3
78 85 3
78 87 3
78 88 3
78 89 3
78 91 3
78 92 3
78 97 3
78 98 3
78 99 3
79 1 3
79 2 3
79 4 3
79 6 3
79 7 3
79 8 3
79 9 3
79 11 3
79 12 3
79 13 3
79 14 3
79 15 3
79 17 3
79 19 3
79 20 3
79 21 3
79 22 3
79 24 3
79 25 3
79 26 3
79 28 3
79 29 3
79 30 3
79 31 3
79 33 3
79 34 3
79 35 3
79 37 3
79 40 3
79 41 3
79 44 3
79 45 3
79 47 3
79 48 3
79 50 3
79 51 3
79 52 3
79 54 3
79 56 3
79 58 3
79 59 3
79 60 3
79 62 3
79 64 3
79 66 3
79 69 3
79 70 3
79 71 3
79 73 3
79 75 3
79 76 3
79 77 3
79 78 3
79 79 3
79 80 3
79 81 3
79 83 3
79 86 3
79 88 3
79 89 3
79 91 3
79 92 3
79 94 3
79 95 3
79 97 3
79 98 3
79 99 3
79 100 3
80 1 3
80 4 3
80 5 3
80 6 3
80 8 3
80 10 3
80 11 3
80 12 3
80 13 3
80 17 3
80 18 3
80 19 3
80 20 3
80 21 3
80 23 3
80 25 3
80 26 3
80 27 3
80 28 3
80 30 3
80 32 3
80 33 3
80 34 3
80 35 3
80 38 3
80 39 3
80 40 3
80 41 3
80 42 3
80 43 3
80 44 3
80 45 3
80 46 3
80 47 3
80 48 3
80 50 3
80 53 3
80 54 3
80 55 3
80 56 3
80 57 3
80 58 3
80 59 3
80 60 3
80 62 3
80 64 3
80 65 3
80 66 3
80 67 3
80 68 3
80 70 3
80 71 3
80 72 3
80 73 3
80 74 3
80 75 3
80 76 3
80 77 3
80 79 3
80 80 3
80 81 3
80 82 3
80 83 3
80 86 3
80 87 3
80 88 3
80 89 3
80 92 3
80 94 3
80 96 3
80 97 3
80 98 3
80 99 3
80 100 3
81 2 3
81 3 3
81 4 3
81 8 3
81 9 3
81 12 3
81 13 3
81 15 3
81 16 3
81 17 3
81 18 3
81 19 3
81 20 3
81 21 3
81 24 3
81 25 3
81 27 3
81 28 3
81 29 3
81 30 3
81 32 3
81 33 3
81 35 3
81 36 3
81 37 3
81 38 3
81 41 3
81 42 3
81 43 3
81 44 3
81 45 3
81 46 3
81 48 3
81 49 3
81 50 3
81 51 3
81 52 3
81 53 3
81 54 3
81 55 3
81 56 3
81 57 3
81 58 3
81 59 3
81 60 3
81 61 3
81 63 3
81 65 3
81 66 3
81 69 3
81 70 3
81 71 3
81 72 3
81 73 3
81 78 3
81 79 3
81 81 3
81 82 3
81 84 3
81 85 3
81 87 3
81 91 3
81 92 3
81 93 3
81 97 3
81 98 3
82 1 3
82 6 3
82 8 3
82 9 3
82 10 3
82 11 3
82 12 3
82 13 3
82 14 3
82 15 3
82 16 3
82 17 3
82 20 3
82 21 3
82 22 3
82 23 3
82 24 3
82 25 3
82 26 3
82 27 3
82 30 3
82 31 3
82 34 3
82 35 3
82 36 3
82 39 3
82 40 3
82 41 3
82 42 3
82 43 3
82 44 3
82 46 3
82 47 3
82 48 3
82 49 3
82 50 3
82 51 3
82 53 3
82 54 3
82 55 3
82 57 3
82 58 3
82 59 3
82 60 3
82 63 3
82 64 3
82 65 3
82 67 3
82 69 3
82 70 3
82 73 3
82 74 3
82 76 3
82 77 3
82 78 3
82 79 3
82 81 3
82 83 3
82 84 3
82 86 3
82 87 3
82 88 3
82 89 3
82 90 3
82 91 3
82 96 3
82 97 3
82 98 3
82 99 3
83 2 3
83 3 3
83 4 3
83 5 3
83 6 3
83 7 3
83 8 3
83 9 3
83 10 3
83 11 3
83 12 3
83 14 3
83 15 3
83 16 3
83 20 3
83 21 3
83 22 3
83 23 3
83 24 3
83 25 3
83 26 3
83 28 3
83 29 3
83 30 3
83 32 3
83 34 3
83 35 3
83 37 3
83 38 3
83 43 3
83 44 3
83 45 3
83 46 3
83 48 3
83 49 3
83 51 3
83 55 3
83 56 3
83 57 3
83 62 3
83 63 3
83 65 3
83 66 3
83 67 3
83 68 3
83 70 3
83 71 3
83 75 3
83 76 3
83 77 3
83 79 3
83 80 3
83 81 3
83 82 3
83 83 3
83 84 3
83 85 3
83 86 3
83 87 3
83 88 3
83 89 3
83 90 3
83 91 3
83 92 3
83 93 3
83 95 3
83 96 3
83 97 3
83 98 3
83 99 3
83 100 3
84 1 3
84 2 3
84 5 3
84 6 3
84 7 3
84 9 3
84 12 3
84 13 3
84 18 3
84 19 3
84 20 3
84 22 3
84 23 3
84 24 3
84 25 3
84 26 3
84 27 3
84 28 3
84 29 3
84 30 3
84 31 3
84 32 3
84 38 3
84 39 3
84 40 3
84 42 3
84 43 3
84 46 3
84 47 3
84 48 3
84 49 3
84 50 3
84 53 3
84 56 3
84 57 3
84 59 3
84 60 3
84 61 3
84 62 3
84 63 3
84 64 3
84 65 3
84 67 3
84 68 3
84 69 3
84 70 3
84 71 3
84 72 3
84 73 3
84 74 3
84 75 3
84 76 3
84 77 3
84 78 3
84 79 3
84 80 3
84 81 3
84 82 3
84 83 3
84 84 3
84 86 3
84 87 3
84 88 3
84 89 3
84 90 3
84 91 3
84 92 3
84 93 3
84 94 3
84 96 3
84 97 3
84 99 3
84 100 3
85 2 3
85 3 3
85 4 3
85 5 3
85 6 3
85 7 3
85 8 3
85 9 3
85 13 3
85 15 3
85 16 3
85 17 3
85 18 3
85 19 3
85 20 3
85 21 3
85 22 3
85 23 3
85 24 3
85 26 3
85 27 3
85 28 3
85 29 3
85 30 3
85 32 3
85 33 3
85 34 3
85 38 3
85 40 3
85 43 3
85 44 3
85 45 3
85 46 3
85 47 3
85 49 3
85 50 3
85 52 3
85 53 3
85 55 3
85 56 3
85 57 3
85 58 3
85 59 3
85 63 3
85 65 3
85 67 3
85 68 3
85 69 3
85 70 3
85 71 3
85 73 3
85 74 3
85 76 3
85 77 3
85 78 3
85 79 3
85 81 3
85 82 3
85 83 3
85 84 3
85 85 3
85 86 3
85 88 3
85 91 3
85 92 3
85 93 3
85 95 3
85 96 3
85 98 3
85 99 3
85 100 3
86 1 3
86 2 3
86 4 3
86 7 3
86 8 3
86 9 3
86 10 3
86 11 3
86 12 3
86 13 3
86 14 3
86 15 3
86 16 3
86 17 3
86 19 3
86 20 3
86 21 3
86 22 3
86 24 3
86 25 3
86 27 3
86 29 3
86 31 3
86 32 3
86 33 3
86 34 3
86 35 3
86 36 3
86 37 3
86 39 3
86 40 3
86 41 3
86 42 3
86 43 3
86 44 3
86 45 3
86 48 3
86 49 3
86 51 3
86 52 3
86 53 3
86 56 3
86 57 3
86 58 3
86 61 3
86 62 3
86 63 3
86 64 3
86 66 3
86 67 3
86 68 3
86 70 3
86 71 3
86 72 3
86 73 3
86 74 3
86 76 3
86 77 3
86 78 3
86 80 3
86 81 3
86 82 3
86 83 3
86 84 3
86 85 3
86 86 3
86 87 3
86 88 3
86 89 3
86 92 3
86 93 3
86 94 3
86 96 3
86 98 3
86 99 3
86 100 3
87 1 3
87 2 3
87 3 3
87 5 3
87 6 3
87 7 3
87 9 3
87 11 3
87 12 3
87 13 3
87 15 3
87 16 3
87 17 3
87 18 3
87 19 3
87 20 3
87 22 3
87 24 3
87 25 3
87 26 3
87 27 3
87 28 3
87 29 3
87 31 3
87 33 3
87 36 3
87 37 3
87 42 3
87 44 3
87 45 3
87 46 3
87 47 3
87 48 3
87 49 3
87 50 3
87 51 3
87 52 3
87 53 3
87 54 3
87 55 3
87 56 3
87 57 3
87 59 3
87 61 3
87 62 3
87 63 3
87 64 3
87 65 3
87 66 3
87 67 3
87 69 3
87 70 3
87 71 3
87 72 3
87 75 3
87 76 3
87 77 3
87 78 3
87 80 3
87 81 3
87 82 3
87 83 3
87 85 3
87 88 3
87 91 3
87 92 3
87 93 3
87 95 3
87 96 3
87 97 3
87 99 3
87 100 3
88 2 3
88 3 3
88 4 3
88 5 3
88 6 3
88 7 3
88 8 3
88 9 3
88 10 3
88 11 3
88 14 3
88 15 3
88 18 3
88 19 3
88 21 3
88 22 3
88 23 3
88 25 3
88 27 3
88 28 3
88 31 3
88 33 3
88 34 3
88 36 3
88 37 3
88 38 3
88 39 3
88 40 3
88 42 3
88 45 3
88 46 3
88 50 3
88 52 3
88 54 3
88 55 3
88 56 3
88 57 3
88 58 3
88 59 3
88 61 3
88 62 3
88 63 3
88 64 3
88 67 3
88 68 3
88 69 3
88 70 3
88 73 3
88 74 3
88 76 3
88 77 3
88 79 3
88 80 3
88 81 3
88 82 3
88 83 3
88 85 3
88 86 3
88 87 3
88 89 3
88 90 3
88 92 3
88 93 3
88 94 3
88 95 3
88 97 3
88 98 3
88 99 3
88 100 3
89 1 3
89 2 3
89 4 3
89 5 3
89 6 3
89 7 3
89 9 3
89 12 3
89 13 3
89 14 3
89 15 3
89 16 3
89 17 3
89 19 3
89 20 3
89 21 3
89 23 3
89 24 3
89 25 3
89 26 3
89 27 3
89 28 3
89 29 3
89 30 3
89 32 3
89 36 3
89 37 3
89 38 3
89 41 3
89 42 3
89 44 3
89 45 3
89 46 3
89 47 3
89 48 3
89 49 3
89 50 3
89 51 3
89 52 3
89 56 3
89 57 3
89 58 3
89 59 3
89 60 3
89 61 3
89 63 3
89 64 3
89 66 3
89 67 3
89 70 3
89 71 3
89 72 3
89 73 3
89 75 3
89 76 3
89 77 3
89 78 3
89 79 3
89 81 3
89 82 3
89 83 3
89 85 3
89 88 3
89 89 3
89 93 3
89 94 3
89 95 3
89 98 3
89 99 3
89 100 3
90 2 3
90 3 3
90 5 3
90 6 3
90 7 3
90 9 3
90 10 3
90 11 3
90 12 3
90 13 3
90 15 3
90 16 3
90 17 3
90 18 3
90 19 3
90 20 3
90 21 3
90 22 3
90 26 3
90 27 3
90 32 3
90 33 3
90 34 3
90 38 3
90 39 3
90 41 3
90 42 3
90 44 3
90 49 3
90 50 3
90 51 3
90 54 3
90 55 3
90 56 3
90 57 3
90 60 3
90 61 3
90 62 3
90 63 3
90 64 3
90 65 3
90 66 3
90 67 3
90 70 3
90 71 3
90 74 3
90 75 3
90 76 3
90 77 3
90 78 3
90 79 3
90 80 3
90 81 3
90 82 3
90 83 3
90 85 3
90 86 3
90 87 3
90 90 3
90 91 3
90 92 3
90 93 3
90 94 3
90 95 3
90 96 3
90 99 3
90 100 3
91 1 3
91 2 3
91 4 3
91 5 3
91 6 3
91 8 3
91 9 3
91 10 3
91 11 3
91 13 3
91 17 3
91 18 3
91 19 3
91 21 3
91 22 3
91 23 3
91 24 3
91 25 3
91 26 3
91 27 3
91 28 3
91 29 3
91 30 3
91 31 3
91 32 3
91 33 3
91 34 3
91 35 3
91 37 3
91 38 3
91 39 3
91 40 3
91 41 3
91 45 3
91 46 3
91 48 3
91 50 3
91 52 3
91 53 3
91 57 3
91 60 3
91 61 3
91 63 3
91 64 3
91 65 3
91 67 3
91 68 3
91 69 3
91 70 3
91 71 3
91 73 3
91 76 3
91 77 3
91 78 3
91 80 3
91 82 3
91 83 3
91 86 3
91 87 3
91 92 3
91 93 3
91 95 3
91 96 3
91 97 3
91 98 3
92 2 3
92 5 3
92 8 3
92 9 3
92 12 3
92 13 3
92 14 3
92 15 3
92 17 3
92 19 3
92 22 3
92 23 3
92 24 3
92 25 3
92 26 3
92 27 3
92 28 3
92 29 3
92 32 3
92 34 3
92 37 3
92 38 3
92 39 3
92 41 3
92 42 3
92 45 3
92 47 3
92 48 3
92 49 3
92 50 3
92 52 3
92 53 3
92 54 3
92 55 3
92 56 3
92 58 3
92 59 3
92 60 3
92 61 3
92 62 3
92 63 3
92 64 3
92 65 3
92 66 3
92 67 3
92 68 3
92 69 3
92 70 3
92 71 3
92 72 3
92 74 3
92 78 3
92 79 3
92 80 3
92 81 3
92 82 3
92 83 3
92 84 3
92 85 3
92 87 3
92 90 3
92 91 3
92 92 3
92 93 3
92 97 3
92 100 3
93 1 3
93 2 3
93 3 3
93 4 3
93 5 3
93 6 3
93 9 3
93 11 3
93 12 3
93 13 3
93 14 3
93 16 3
93 18 3
93 19 3
93 20 3
93 21 3
93 22 3
93 23 3
93 24 3
93 25 3
93 26 3
93 27 3
93 28 3
93 29 3
93 30 3
93 31 3
93 33 3
93 34 3
93 36 3
93 37 3
93 38 3
93 39 3
93 44 3
93 45 3
93 46 3
93 47 3
93 48 3
93 49 3
93 50 3
93 51 3
93 52 3
93 53 3
93 54 3
93 56 3
93 57 3
93 58 3
93 59 3
93 60 3
93 61 3
93 62 3
93 64 3
93 66 3
93 67 3
93 68 3
93 70 3
93 71 3
93 73 3
93 74 3
93 75 3
93 77 3
93 78 3
93 80 3
93 83 3
93 85 3
93 86 3
93 87 3
93 88 3
93 89 3
93 91 3
93 92 3
93 93 3
93 94 3
93 95 3
93 96 3
93 100 3
94 1 3
94 2 3
94 4 3
94 5 3
94 6 3
94 7 3
94 8 3
94 9 3
94 10 3
94 11 3
94 13 3
94 16 3
94 17 3
94 19 3
94 20 3
94 25 3
94 26 3
94 27 3
94 33 3
94 35 3
94 36 3
94 37 3
94 38 3
94 40 3
94 41 3
94 45 3
94 46 3
94 47 3
94 48 3
94 50 3
94 52 3
94 55 3
94 58 3
94 59 3
94 60 3
94 61 3
94 62 3
94 63 3
94 64 3
94 66 3
94 70 3
94 71 3
94 72 3
94 73 3
94 75 3
94 76 3
94 77 3
94 78 3
94 79 3
94 80 3
94 81 3
94 84 3
94 85 3
94 86 3
94 87 3
94 89 3
94 90 3
94 93 3
94 94 3
94 96 3
94 98 3
94 99 3
94 100 3
95 1 3
95 3 3
95 4 3
95 7 3
95 9 3
95 10 3
95 11 3
95 13 3
95 14 3
95 15 3
95 16 3
95 17 3
95 19 3
95 21 3
95 22 3
95 23 3
95 24 3
95 26 3
95 27 3
95 28 3
95 29 3
95 31 3
95 33 3
95 35 3
95 36 3
95 37 3
95 38 3
95 40 3
95 41 3
95 42 3
95 43 3
95 46 3
95 48 3
95 49 3
95 52 3
95 53 3
95 54 3
95 55 3
95 58 3
95 59 3
95 60 3
95 61 3
95 62 3
95 63 3
95 64 3
95 66 3
95 67 3
95 68 3
95 69 3
95 70 3
95 72 3
95 73 3
95 77 3
95 79 3
95 81 3
95 83 3
95 84 3
95 85 3
95 86 3
95 87 3
95 88 3
95 89 3
95 91 3
95 92 3
95 93 3
95 94 3
95 95 3
95 99 3
95 100 3
96 1 3
96 2 3
96 3 3
96 5 3
96 6 3
96 7 3
96 8 3
96 9 3
96 12 3
96 13 3
96 16 3
96 17 3
96 20 3
96 22 3
96 23 3
96 24 3
96 25 3
96 28 3
96 29 3
96 30 3
96 32 3
96 33 3
96 34 3
96 37 3
96 40 3
96 42 3
96 43 3
96 45 3
96 47 3
96 48 3
96 50 3
96 51 3
96 53 3
96 55 3
96 56 3
96 57 3
96 59 3
96 60 3
96 61 3
96 62 3
96 64 3
96 65 3
96 66 3
96 67 3
96 68 3
96 69 3
96 70 3
96 71 3
96 74 3
96 76 3
96 77 3
96 80 3
96 81 3
96 82 3
96 83 3
96 86 3
96 88 3
96 89 3
96 91 3
96 92 3
96 93 3
96 95 3
96 96 3
96 97 3
96 98 3
96 100 3
97 2 3
97 4 3
97 5 3
97 6 3
97 7 3
97 8 3
97 9 3
97 10 3
97 11 3
97 14 3
97 15 3
97 16 3
97 17 3
97 18 3
97 19 3
97 20 3
97 21 3
97 22 3
97 23 3
97 24 3
97 25 3
97 26 3
97 27 3
97 30 3
97 31 3
97 34 3
97 36 3
97 38 3
97 39 3
97 40 3
97 41 3
97 42 3
97 43 3
97 44 3
97 45 3
97 46 3
97 47 3
97 48 3
97 50 3
97 51 3
97 52 3
97 54 3
97 58 3
97 60 3
97 62 3
97 63 3
97 64 3
97 66 3
97 67 3
97 68 3
97 69 3
97 72 3
97 73 3
97 74 3
97 76 3
97 79 3
97 80 3
97 81 3
97 82 3
97 83 3
97 84 3
97 86 3
97 87 3
97 88 3
97 89 3
97 90 3
97 91 3
97 92 3
97 96 3
97 97 3
97 98 3
97 99 3
97 100 3
98 1 3
98 3 3
98 4 3
98 5 3
98 7 3
98 9 3
98 12 3
98 13 3
98 15 3
98 17 3
98 18 3
98 19 3
98 21 3
98 22 3
98 25 3
98 27 3
98 28 3
98 30 3
98 33 3
98 36 3
98 37 3
98 38 3
98 39 3
98 40 3
98 41 3
98 43 3
98 44 3
98 45 3
98 46 3
98 48 3
98 50 3
98 51 3
98 52 3
98 54 3
98 55 3
98 56 3
98 57 3
98 63 3
98 64 3
98 65 3
98 66 3
98 67 3
98 68 3
98 69 3
98 70 3
98 71 3
98 72 3
98 73 3
98 75 3
98 76 3
98 79 3
98 80 3
98 83 3
98 84 3
98 85 3
98 88 3
98 90 3
98 91 3
98 94 3
98 95 3
98 96 3
98 97 3
98 98 3
98 100 3
99 1 3
99 2 3
99 4 3
99 6 3
99 7 3
99 8 3
99 10 3
99 11 3
99 12 3
99 13 3
99 14 3
99 16 3
99 17 3
99 18 3
99 20 3
99 26 3
99 28 3
99 29 3
99 30 3
99 31 3
99 32 3
99 34 3
99 36 3
99 37 3
99 38 3
99 39 3
99 41 3
99 44 3
99 47 3
99 48 3
99 49 3
99 51 3
99 53 3
99 54 3
99 56 3
99 58 3
99 60 3
99 61 3
99 64 3
99 66 3
99 67 3
99 71 3
99 72 3
99 73 3
99 75 3
99 76 3
99 77 3
99 78 3
99 80 3
99 81 3
99 83 3
99 85 3
99 87 3
99 88 3
99 89 3
99 90 3
99 92 3
99 93 3
99 95 3
99 96 3
99 97 3
99 98 3
99 99 3
99 100 3
100 1 3
100 2 3
100 4 3
100 5 3
100 6 3
100 7 3
100 8 3
100 9 3
100 10 3
100 11 3
100 14 3
100 15 3
100 16 3
100 17 3
100 18 3
100 23 3
100 25 3
100 27 3
100 29 3
100 30 3
100 33 3
100 34 3
100 35 3
100 36 3
100 38 3
100 39 3
100 41 3
100 42 3
100 43 3
100 44 3
100 46 3
100 47 3
100 50 3
100 51 3
100 53 3
100 54 3
100 55 3
100 56 3
100 57 3
100 58 3
100 59 3
100 60 3
100 61 3
100 66 3
100 67 3
100 68 3
100 69 3
100 73 3
100 75 3
100 76 3
100 77 3
100 78 3
100 79 3
100 80 3
100 81 3
100 83 3
100 84 3
100 85 3
100 87 3
100 88 3
100 89 3
100 90 3
100 92 3
100 94 3
100 95 3
100 98 3
100 99 3
100 100 3
